2
5
8
20
230
100000
20000
100
40
300
1 0 
1 0 
1 0 
1 0 
1 0 
1 0 
1 0 
1 0 
12960 38680 22080 25440 23920 29320 25360
22600 17480 2760 6240 31840 23640 18720
18280 26760 12240 17040 40000 13080 28920
16080 23720 5480 10880 30400 20200 20320
13640 40000 23680 29080 46520 3600 39040
13320 33760 17320 20560 22360 27880 21120
27240 12840 6000 600 27960 30160 13200
5240 43560 25360 30720 40920 14760 37320
5480 44000 25760 30600 35360 21880 34520
30200 12040 10120 5000 24760 34640 9080
9480 31560 13560 18120 27720 21560 22800
9000 41400 23800 27960 29160 26120 29720
30480 11640 10440 9000 36680 28280 21440
18120 24560 9000 11400 22040 27520 14280
22040 18600 3920 5200 25240 27520 13120
4920 34880 16560 21720 33160 16760 28120
24800 33360 22000 22480 10880 38800 15760
35520 37960 30920 29880 3080 49640 18920
30680 28520 21720 20240 7480 42600 9560
13120 27400 9560 15040 33720 16000 24600
512 589 486 256 161 681 121 567 322 768 679 602 521 403 864 243 88 921 395 193 970 596 723 331 652 895 833 542
798 40 181 673 510 415 718 933 322 780 899 676 966 350 752 767 599 723 515 441 957 487 630 624 188 299 362 720
78 879 695 305 693 625 493 77 587 387 150 293 191 526 548 353 477 657 360 537 530 482 476 274 781 1048 860 189
864 458 439 862 865 311 991 1011 594 666 890 654 1088 524 555 983 867 467 631 722 770 455 505 770 272 230 84 748
614 310 187 577 598 134 703 759 315 514 677 439 823 236 472 696 580 445 354 438 680 231 356 491 105 357 204 510
657 532 480 404 54 728 267 722 339 881 822 717 678 450 958 399 232 1000 495 244 1086 671 813 463 648 860 842 672
883 293 339 825 747 365 918 1028 507 756 943 704 1088 474 677 937 793 610 617 637 894 493 592 749 187 88 174 779
965 388 441 921 849 428 1019 1111 608 810 1014 775 1176 571 713 1034 894 633 706 739 930 565 646 842 283 71 202 857
132 813 625 368 724 495 578 240 553 224 96 148 354 463 384 456 529 494 306 541 385 356 320 288 681 937 731 88
693 723 604 805 974 304 992 824 690 381 648 460 931 573 223 929 885 105 576 784 411 364 276 696 499 608 369 570
157 748 576 113 503 593 303 209 440 485 324 337 213 412 624 172 284 716 266 364 666 457 514 131 694 966 813 238
571 642 502 673 850 200 860 707 570 290 544 338 809 450 167 796 754 113 444 657 384 233 153 563 425 589 346 447
52 756 573 209 585 529 416 180 464 369 215 231 250 404 514 292 377 612 240 419 547 386 415 154 667 937 760 124
265 641 456 382 652 300 586 407 423 191 289 50 502 311 285 500 499 366 196 453 397 160 163 273 490 742 536 142
718 168 189 540 312 492 543 837 204 789 847 654 846 298 803 614 431 803 448 284 985 507 664 520 326 500 523 667
666 158 113 509 343 416 541 791 158 717 788 587 811 231 727 595 422 727 389 266 912 433 589 475 261 465 460 607
371 441 254 328 471 249 485 513 213 397 467 258 568 98 444 451 371 483 98 273 600 154 298 236 335 606 452 287
371 971 789 614 959 573 825 427 756 181 219 292 551 648 304 700 772 421 515 767 174 467 345 529 799 1022 788 318
644 480 428 398 8 682 288 719 291 850 806 688 684 406 921 409 228 959 463 207 1056 630 775 445 595 807 790 650
220 615 441 97 421 481 299 325 309 459 377 295 347 278 573 222 226 649 145 251 658 355 444 16 563 835 691 228
670 988 838 867 1136 544 1077 763 875 323 555 483 886 753 223 976 994 239 685 936 182 523 368 762 773 917 675 571
85 886 702 310 699 632 497 72 594 391 150 299 188 533 552 356 483 662 368 544 532 488 481 281 788 1055 867 196
134 809 635 174 563 632 347 148 502 483 290 349 155 468 631 206 343 730 316 428 652 492 532 189 747 1019 858 242
964 386 439 919 847 427 1017 1110 607 809 1013 773 1175 569 713 1033 892 632 705 737 930 564 645 840 281 70 201 855
766 94 184 604 389 479 618 890 257 805 886 681 908 328 804 684 504 792 488 353 995 516 670 574 284 429 476 705
332 559 405 107 305 519 216 420 248 565 493 399 414 266 665 200 116 729 201 152 768 414 528 133 551 816 705 343
268 613 427 363 623 287 564 413 392 221 309 77 502 281 307 484 474 382 167 424 427 144 177 254 468 723 523 149
729 912 779 893 1118 476 1096 840 843 379 640 515 958 722 228 1010 1001 167 686 921 305 494 358 785 690 803 566 617
412 630 460 524 745 210 720 550 482 182 400 180 651 359 170 645 622 222 307 546 351 131 25 414 440 660 431 288
90 880 694 344 726 598 540 128 598 334 92 256 248 526 496 404 515 608 361 561 471 456 434 296 768 1031 834 163
244 581 394 291 549 316 488 390 333 293 327 133 463 233 384 414 397 455 93 351 499 175 250 181 461 727 546 148
211 891 722 234 604 729 356 144 581 562 339 439 73 558 716 211 384 818 410 494 718 589 623 278 840 1112 954 330
654 378 278 648 690 111 787 801 407 501 696 457 875 319 431 770 664 383 415 527 646 249 337 555 155 340 133 542
161 653 474 137 482 474 349 280 355 408 315 246 320 306 530 252 285 614 150 310 603 339 409 45 582 854 695 169
244 935 765 275 638 771 381 151 624 592 356 475 41 602 748 239 419 853 454 534 740 630 660 322 884 1157 997 365
411 840 667 609 903 417 821 513 665 64 313 229 633 547 132 716 744 251 447 704 148 335 189 507 650 858 620 310
945 400 438 909 852 402 1014 1091 604 781 989 750 1159 560 681 1024 889 599 690 735 898 542 617 827 275 102 172 835
344 461 275 291 451 286 451 483 209 403 450 254 534 108 462 414 339 509 63 251 608 182 318 199 368 640 489 269
655 278 241 453 202 527 434 762 164 774 797 626 760 283 811 514 327 828 405 193 977 511 667 450 402 604 600 621
670 957 809 858 1116 513 1066 768 852 319 562 473 890 729 202 969 980 205 669 917 202 499 347 752 740 881 639 566
890 336 369 844 783 358 945 1036 536 745 942 702 1099 494 657 958 821 584 629 666 875 492 580 765 208 97 146 782
684 517 418 727 819 154 888 828 532 456 691 461 917 430 346 852 770 269 488 645 563 282 298 624 293 412 169 562
476 450 284 494 620 81 658 623 338 355 521 282 700 220 335 619 543 340 255 431 531 72 203 393 266 509 310 363
812 55 195 690 530 417 738 948 340 786 911 686 982 364 755 785 618 723 529 460 961 494 635 640 186 280 353 732
362 447 259 315 463 262 473 503 209 400 462 257 557 99 451 438 359 493 86 264 603 164 306 223 346 617 464 281
319 501 329 178 358 412 323 437 196 485 462 322 460 172 571 295 214 628 102 164 691 308 430 121 460 730 604 291
456 776 611 625 885 341 832 574 630 115 385 242 689 508 49 739 744 166 434 685 206 282 126 517 577 773 533 342
401 584 412 489 696 180 680 544 431 219 410 176 637 308 220 612 578 263 264 498 399 81 76 379 400 632 412 278
553 539 451 300 99 667 184 618 292 787 718 622 578 387 873 302 127 923 405 172 992 595 730 361 619 853 805 572
286 755 601 103 428 675 185 301 444 613 450 459 248 452 746 42 210 832 339 338 797 550 627 204 740 1009 882 365
681 726 604 796 970 303 985 812 687 367 635 449 919 569 209 919 879 91 568 779 398 357 265 687 503 617 377 558
418 542 371 483 668 145 667 563 397 261 441 203 651 275 255 608 561 285 251 471 440 44 114 375 359 595 380 298
228 683 518 30 420 574 236 292 372 525 396 366 282 362 651 132 202 733 238 285 717 448 528 102 649 920 784 281
384 714 541 537 797 297 742 511 547 96 339 158 620 426 129 653 654 225 345 597 270 209 68 429 527 745 513 264
107 712 525 262 605 445 475 254 439 287 205 139 340 358 424 365 414 520 195 421 477 301 322 171 601 866 679 41
624 352 238 607 646 103 743 771 362 494 675 436 841 275 439 728 620 403 377 482 650 225 332 516 134 356 171 515
219 595 408 262 537 346 463 364 335 308 315 143 434 243 408 384 376 482 88 341 513 206 278 153 485 752 575 133
414 745 575 576 838 319 783 536 586 91 355 194 649 465 92 691 695 198 386 638 236 244 92 469 552 761 525 297
273 808 625 482 803 428 695 380 590 82 191 127 497 481 245 583 628 360 352 608 256 308 215 386 644 880 656 179
421 705 536 565 812 277 769 549 554 125 378 192 658 432 103 683 677 188 364 612 276 207 51 457 511 720 485 300
528 274 89 420 401 281 514 663 116 554 636 425 701 80 570 528 389 580 245 241 749 272 428 357 225 489 398 455
283 532 344 286 509 296 471 427 282 335 377 180 491 182 412 411 371 472 56 309 541 166 271 180 420 689 518 196
410 432 278 231 278 432 312 522 120 566 555 406 533 156 637 327 189 682 179 78 772 353 492 207 429 692 595 383
355 667 490 489 741 266 692 491 491 133 337 123 594 371 180 607 601 260 290 541 324 160 62 380 488 717 492 232
363 532 384 139 275 516 217 453 222 585 523 419 446 253 679 222 103 738 211 120 789 418 539 161 534 797 694 369
88 718 536 187 554 501 398 217 426 370 244 221 278 366 508 282 350 601 203 384 556 360 400 119 632 902 730 122
491 405 238 485 584 96 637 637 299 397 549 312 708 185 382 608 519 383 249 399 576 106 248 388 230 484 301 384
293 713 560 71 391 645 166 327 402 605 461 447 285 414 732 54 171 814 310 295 794 523 609 179 701 970 847 359
389 550 374 457 654 170 643 534 388 250 416 177 622 266 263 581 539 303 227 455 437 43 118 348 375 617 406 269
716 1009 864 909 1172 566 1119 809 908 368 601 525 931 785 258 1020 1034 255 724 972 226 555 403 804 792 924 684 615
447 605 484 190 218 651 94 501 317 711 614 545 459 379 813 184 35 876 348 186 912 556 676 270 645 898 818 481
686 769 643 814 1002 341 1007 812 721 359 629 456 923 602 196 936 903 78 591 809 367 384 276 704 546 661 421 565
95 896 712 322 711 639 508 71 605 391 144 303 191 543 552 366 495 663 378 556 528 495 485 292 797 1064 874 202
715 834 708 859 1061 405 1056 835 781 375 644 490 950 661 212 979 955 113 641 867 346 439 318 749 611 720 483 597
620 193 90 470 338 384 515 747 118 673 741 541 769 185 688 561 394 692 343 236 869 391 548 431 254 480 451 560
771 589 508 827 917 256 989 913 631 514 763 543 1007 531 380 952 871 278 588 745 587 378 367 723 369 426 198 648
249 553 372 190 443 386 375 380 265 404 381 239 424 203 499 315 281 566 50 250 609 262 363 88 478 750 599 206
435 454 318 222 223 493 261 533 151 619 588 457 529 215 696 298 136 743 233 37 825 415 552 229 477 733 650 423
292 755 602 105 425 679 180 306 445 618 456 465 251 454 751 37 208 837 343 337 802 554 632 208 742 1011 885 370
791 314 298 753 721 261 864 937 459 652 843 604 1002 405 573 869 739 511 533 589 790 394 487 670 129 189 90 683
415 867 693 622 923 445 834 511 688 80 308 245 633 571 152 726 760 269 467 725 125 361 216 522 678 885 647 320
383 680 544 134 311 672 78 419 378 679 551 516 368 417 796 91 103 869 347 255 873 562 665 237 697 958 858 437
749 70 151 599 412 439 628 877 248 773 864 653 900 305 767 686 511 753 469 356 961 482 634 562 242 398 435 683
764 231 222 701 641 273 798 908 388 664 832 595 965 350 605 813 673 557 494 519 819 386 502 625 62 209 171 664
134 908 721 390 771 606 588 160 633 312 49 259 284 555 476 452 561 591 391 602 434 466 427 337 786 1046 842 181
567 980 817 780 1076 540 993 650 831 237 441 403 774 710 203 883 918 275 620 877 61 488 332 680 776 951 708 479
736 407 342 735 764 184 872 883 484 557 769 531 960 404 465 857 749 397 502 608 683 327 393 642 190 289 52 621
492 638 483 601 802 197 794 628 529 224 469 259 731 406 141 724 692 151 378 605 352 178 74 492 433 627 389 368
638 442 391 397 37 649 307 719 259 830 797 669 691 376 895 420 234 930 443 185 1036 602 750 435 558 769 753 636
675 770 642 805 997 339 999 801 716 346 617 445 912 597 183 927 896 66 583 804 356 377 266 696 548 667 427 554
638 573 454 707 836 160 880 780 550 387 631 410 875 438 270 832 766 195 469 653 486 255 235 601 350 489 245 515
712 222 231 519 260 531 503 825 206 809 849 667 826 314 833 584 397 839 453 260 1008 534 691 510 377 555 576 671
688 149 88 588 501 296 666 827 255 654 780 554 869 246 630 693 542 608 406 385 832 362 505 526 97 326 296 603
565 572 434 640 793 131 819 706 509 322 559 336 802 392 225 765 709 182 405 604 442 190 164 533 356 531 291 441
674 551 445 731 840 166 897 817 553 431 672 448 909 446 314 856 781 233 492 661 529 281 277 626 328 448 205 551
142 877 701 244 631 680 402 83 572 490 264 373 99 533 646 257 410 751 376 499 643 537 559 256 808 1079 910 264
576 635 549 319 169 755 138 618 388 843 744 677 560 476 941 281 161 998 473 263 1044 673 801 403 717 951 901 614
286 702 547 57 388 631 173 326 391 594 454 435 289 401 720 68 168 801 296 286 784 509 596 165 688 957 833 349
212 1014 830 427 817 741 595 108 723 449 179 396 206 660 613 449 597 730 495 669 547 599 568 408 910 1174 978 306
711 236 185 650 609 231 753 855 346 618 781 544 912 300 568 764 628 527 441 476 779 337 458 573 16 262 182 612
362 998 815 612 966 609 820 404 773 218 201 313 528 669 348 691 774 465 530 778 211 497 382 533 831 1059 827 324
686 959 814 872 1126 516 1080 786 860 335 580 487 907 738 212 984 992 205 681 927 220 507 357 765 741 877 636 581
558 266 136 398 295 392 447 680 46 640 686 498 699 146 672 488 324 688 287 166 841 372 528 364 304 546 493 506
727 987 846 913 1165 546 1121 826 897 376 619 529 947 774 252 1025 1033 233 721 965 253 544 395 806 768 893 654 623
571 458 323 599 702 25 759 717 415 395 598 361 799 306 330 723 641 297 360 521 542 162 231 497 244 445 222 453
214 644 457 325 614 340 532 360 402 231 267 66 448 300 341 442 450 425 161 417 436 196 222 218 511 771 575 97
313 521 334 332 539 252 515 459 296 314 390 173 530 183 376 457 412 430 98 339 518 120 233 226 393 658 479 214
143 823 635 380 737 500 591 244 565 218 88 152 360 474 379 467 542 491 318 554 374 362 320 301 688 943 736 100
696 1010 862 894 1162 566 1104 787 901 350 579 510 910 778 249 1003 1021 258 712 962 202 548 395 789 794 933 692 598
768 639 550 841 952 280 1011 907 665 491 749 537 1006 560 347 966 895 239 602 775 548 389 355 735 417 479 253 644
607 397 332 377 92 589 321 697 199 780 761 621 679 317 840 418 227 872 394 140 986 545 694 401 500 719 694 595
589 601 521 332 131 738 168 639 363 843 756 677 586 458 935 307 165 989 467 243 1046 662 794 408 689 920 876 620
609 306 180 570 590 138 695 755 307 514 674 437 817 228 475 689 572 449 348 430 682 229 357 485 105 362 212 507
532 632 484 635 821 187 824 669 543 260 509 299 771 422 156 758 719 133 407 626 373 199 115 525 420 600 359 408
505 589 484 248 166 676 118 560 319 760 672 595 514 398 857 237 80 915 389 190 963 590 717 323 650 894 830 535
765 102 188 601 381 484 612 889 254 808 886 682 905 329 808 680 499 797 488 349 999 519 673 572 291 437 484 705
874 287 331 816 739 358 909 1020 498 750 935 696 1079 466 671 928 784 606 608 629 889 486 585 740 178 96 171 771
652 324 285 437 155 565 398 753 187 794 800 641 743 309 839 489 299 860 416 182 998 540 694 446 449 652 646 628
352 594 449 101 289 573 161 422 286 609 517 444 400 317 715 159 76 782 254 173 810 468 579 168 599 862 757 379
105 850 671 232 622 643 406 90 547 455 239 336 137 503 610 264 402 714 343 480 613 500 521 229 775 1046 873 226
497 588 434 585 765 147 771 638 487 261 491 267 735 366 191 709 664 188 354 570 401 143 98 476 383 582 347 373
432 500 370 198 206 542 208 518 202 645 592 481 503 266 731 256 83 784 263 76 850 458 589 230 530 784 703 436
582 661 523 690 871 220 879 716 591 291 550 349 820 471 158 813 773 93 462 678 373 252 163 580 444 601 358 458
587 524 393 642 768 92 812 731 482 368 595 364 821 369 278 767 697 231 403 583 495 191 206 537 305 479 241 465
487 990 817 716 1037 564 929 556 809 199 347 356 681 693 243 811 864 344 582 840 45 485 338 622 798 996 755 413
670 370 278 660 694 127 796 817 412 518 713 473 890 328 446 781 673 396 428 534 661 265 353 568 146 323 119 558
445 665 500 570 795 232 768 578 529 171 415 212 683 407 122 690 671 175 356 596 317 177 29 460 467 673 438 321
317 558 373 376 599 236 567 463 351 259 367 133 545 235 316 500 468 375 153 399 461 92 174 267 409 666 470 203
80 877 694 292 681 633 476 66 582 404 170 304 174 524 564 335 464 672 360 529 549 489 489 267 784 1052 867 199
87 877 691 340 723 597 537 127 595 335 95 255 247 523 497 401 512 608 358 558 473 454 434 293 766 1029 833 161
305 1087 908 450 828 856 576 159 783 589 319 520 154 739 753 433 608 868 578 709 688 713 699 466 1006 1276 1091 420
645 184 119 484 321 418 515 769 135 707 770 573 787 217 723 570 396 727 371 240 903 426 583 453 277 489 475 589
266 543 356 264 500 318 452 408 284 343 367 183 470 191 426 389 354 490 44 301 549 188 288 158 439 708 540 186
362 440 259 263 392 329 403 493 162 458 484 304 531 92 521 382 287 566 85 193 664 238 376 188 377 648 517 304
462 708 545 603 838 271 804 590 574 155 416 233 699 452 77 722 710 147 396 639 276 222 69 494 507 704 465 341
614 683 550 725 905 247 914 747 623 313 576 381 853 504 168 848 809 76 498 712 377 288 196 616 463 606 363 491
860 311 336 812 752 334 912 1006 503 724 915 676 1069 462 641 926 788 574 598 633 859 466 559 733 175 117 137 754
596 205 42 468 384 326 537 728 126 624 707 498 759 149 633 568 413 634 313 256 817 338 494 417 210 455 402 526
426 632 464 537 756 207 733 563 490 186 411 193 664 368 161 659 634 209 320 557 349 138 22 428 438 654 424 302
220 734 549 400 713 386 612 349 504 145 200 44 456 399 286 507 540 389 263 518 342 251 205 300 584 833 620 104
317 770 620 130 423 705 165 322 461 646 480 493 258 476 779 21 211 865 369 349 829 581 660 235 763 1031 909 398
522 418 264 528 627 50 683 668 340 395 568 329 743 229 361 652 565 351 291 444 564 118 238 430 224 463 265 410
141 661 476 212 542 430 423 282 380 333 267 172 349 307 457 325 355 544 142 358 530 289 340 112 564 834 659 100
413 761 590 582 850 335 790 533 600 80 348 199 647 479 91 696 704 203 397 650 220 259 108 475 568 776 540 299
381 448 284 218 311 412 324 496 138 532 523 372 514 145 605 323 203 653 145 112 738 326 462 180 427 694 586 350
286 729 575 79 408 654 176 313 418 604 452 448 268 427 733 49 188 817 318 312 791 530 612 185 715 983 858 357
219 927 740 474 841 583 679 263 674 237 55 242 387 581 399 547 640 518 427 661 332 451 379 404 784 1032 815 209
290 1092 908 496 885 815 653 174 800 506 239 468 242 739 669 507 665 787 573 744 581 674 635 484 988 1251 1051 383
277 1077 892 497 887 789 662 177 790 472 208 441 261 724 634 516 667 753 558 739 544 649 604 477 967 1228 1025 360
507 294 113 391 380 298 485 640 93 550 620 416 675 61 574 498 360 590 225 213 748 275 431 332 254 518 426 439
653 741 611 778 966 308 971 782 685 332 601 423 891 566 172 900 867 53 554 773 360 347 241 668 519 646 405 532
347 706 562 110 352 672 112 377 399 654 514 494 325 427 777 51 139 855 340 282 845 555 650 219 711 976 865 409
915 208 320 822 686 442 887 1057 481 833 995 759 1103 480 771 925 765 715 637 607 986 553 671 760 218 130 290 822
671 482 440 424 34 700 308 745 310 875 833 713 708 427 944 432 254 980 488 231 1081 652 799 471 607 813 803 676
354 532 380 136 285 507 226 447 221 573 513 408 442 246 667 225 114 727 200 125 777 407 528 151 529 793 687 358
845 464 436 848 861 291 981 991 587 642 868 633 1070 513 530 970 858 443 615 714 746 435 481 755 270 251 74 727
736 327 276 707 701 203 828 882 429 594 786 546 950 363 520 826 703 463 483 557 736 336 430 621 113 247 86 627
306 945 760 553 906 566 763 361 715 183 153 256 486 612 331 635 714 451 470 718 235 448 344 473 783 1017 789 263
429 372 191 322 382 303 440 561 115 495 545 351 598 28 539 435 317 570 148 192 698 242 393 255 316 586 469 364
443 428 289 242 233 469 290 547 122 611 592 450 549 189 681 325 165 725 224 33 817 396 537 237 448 704 622 423
450 380 196 406 495 187 549 593 214 428 534 310 651 95 444 527 429 462 181 308 621 144 301 318 253 524 372 358
612 765 625 751 961 323 949 736 685 281 551 385 848 564 118 872 850 10 535 765 303 337 211 642 546 691 448 492
636 183 102 481 333 400 519 761 129 691 758 559 782 203 706 569 399 709 359 242 887 409 566 445 262 480 460 577
594 211 69 455 356 352 514 723 106 639 711 508 750 153 653 551 391 658 314 233 834 356 513 409 238 478 431 530
483 367 190 447 524 153 588 628 239 434 559 328 689 127 434 568 467 442 220 342 621 142 296 357 221 488 331 386
625 197 48 529 473 263 617 764 208 603 720 495 807 184 589 637 492 577 344 339 786 310 458 464 123 380 313 541
300 889 706 534 872 504 746 379 668 123 172 205 502 561 277 625 688 396 427 680 218 389 283 445 723 956 728 234
550 514 373 603 736 70 774 695 451 346 563 330 784 336 273 728 660 242 365 549 486 152 181 498 301 495 263 429
655 452 348 678 752 105 830 802 466 463 679 443 884 367 374 801 710 315 440 581 591 246 299 578 228 382 145 537
641 384 277 637 686 97 778 788 401 488 682 443 862 311 419 759 656 374 403 521 634 235 323 543 162 354 146 528
569 355 269 358 159 519 344 671 129 720 717 564 664 248 774 418 232 803 338 99 925 477 628 363 437 666 629 546
669 307 219 635 640 159 757 815 362 551 727 488 881 291 494 753 633 452 412 489 706 278 389 549 84 304 151 563
637 896 749 813 1061 452 1020 743 795 285 542 430 863 672 149 927 930 145 618 862 211 442 292 706 680 824 582 528
178 626 444 166 485 435 373 308 334 384 319 220 356 275 500 286 299 580 114 303 584 301 375 59 546 818 657 157
569 232 53 449 391 306 528 702 118 595 679 469 736 121 607 552 403 611 286 249 789 311 467 393 212 467 398 498
143 696 509 291 618 411 504 289 435 253 212 100 379 345 386 399 436 480 188 429 449 267 282 193 575 838 646 31
395 613 479 138 261 623 110 452 313 663 562 498 415 359 770 149 41 836 308 188 863 521 634 220 635 894 800 430
212 672 485 349 646 350 558 355 434 201 244 36 450 331 319 463 479 409 194 450 405 208 210 243 532 788 586 89
520 299 152 364 299 379 426 643 15 608 649 464 663 117 646 459 301 668 250 145 810 346 501 327 315 566 498 469
907 345 384 861 796 374 961 1053 551 760 958 719 1117 511 670 975 836 596 647 682 888 509 595 782 224 85 158 799
225 1027 843 437 827 755 602 116 735 460 190 410 208 673 624 456 607 741 508 681 554 612 581 420 924 1188 991 320
476 590 477 219 188 658 108 532 311 733 643 568 489 383 832 213 52 891 364 180 935 569 693 295 641 890 818 506
311 521 352 152 349 438 298 423 213 498 459 333 440 198 589 268 192 650 122 163 703 332 450 107 486 755 631 293
554 308 147 504 533 156 629 698 247 493 630 397 756 161 476 622 506 467 285 366 673 200 345 421 149 418 279 457
643 665 540 744 907 238 928 778 623 350 611 410 882 506 207 868 820 109 512 717 415 298 225 635 443 573 330 519
467 337 150 377 418 259 494 604 134 495 572 363 647 26 522 491 371 542 184 237 693 222 378 304 261 532 414 391
371 755 615 156 379 725 110 381 451 692 536 535 312 481 820 42 179 901 392 330 879 607 696 266 765 1029 919 445
651 506 454 401 29 706 277 721 316 866 815 703 681 429 940 404 230 980 480 225 1072 651 795 454 622 834 816 662
335 1128 947 500 881 880 631 194 827 591 321 538 209 778 755 488 660 872 614 757 674 737 712 509 1039 1306 1116 443
741 917 787 905 1128 484 1107 852 852 391 652 526 970 731 240 1022 1011 176 697 931 315 504 369 796 695 804 568 628
752 144 203 577 341 504 578 872 239 814 880 683 883 327 822 651 468 817 480 321 1008 529 685 556 323 479 519 699
504 299 113 404 411 266 509 640 124 527 609 398 681 57 546 515 384 560 221 241 723 247 404 337 235 503 400 429
566 884 727 751 1016 440 960 669 757 214 467 367 789 635 107 863 875 164 566 816 150 406 250 645 674 841 597 460
798 166 213 712 611 338 790 940 379 724 878 644 988 365 674 818 666 629 521 508 886 439 565 646 104 202 239 705
282 585 400 355 601 271 552 428 365 246 333 105 512 253 322 478 458 390 147 401 451 127 186 246 443 701 506 167
116 755 579 145 534 575 343 185 451 447 284 303 213 412 589 213 318 683 258 385 626 436 483 134 689 961 800 200
887 295 343 829 750 369 921 1032 511 760 947 708 1092 478 680 940 797 613 621 641 898 498 596 754 191 84 177 783
516 318 139 455 493 185 580 658 206 484 601 374 712 112 483 573 457 486 241 320 671 192 346 374 190 462 329 424
432 387 225 279 308 382 369 553 81 550 566 396 574 102 607 381 245 644 172 114 755 315 462 237 373 636 539 389
191 924 750 278 658 733 415 90 617 534 295 424 47 583 692 269 437 799 427 537 678 591 610 304 860 1131 963 315
686 389 363 454 102 641 376 775 257 853 840 697 753 379 907 486 297 933 470 218 1059 609 762 480 526 722 724 674
355 819 641 555 858 411 767 460 628 19 264 179 579 512 170 660 693 289 402 660 191 312 183 454 639 859 626 255
622 580 511 366 101 742 210 677 360 866 789 701 627 462 953 347 196 1002 485 248 1071 674 810 436 680 903 871 648
488 654 543 234 227 717 54 527 376 769 657 604 470 444 876 191 101 941 412 245 968 622 739 325 707 955 882 534
337 1125 946 492 871 885 618 193 823 603 333 545 196 777 767 475 650 884 614 750 690 742 721 505 1041 1309 1121 448
401 592 460 146 246 609 125 465 293 661 568 495 432 343 764 169 26 828 300 168 862 510 627 220 617 875 783 431
272 534 355 183 415 391 358 399 241 430 408 265 435 188 522 307 259 585 58 222 635 274 383 93 469 741 598 234
344 495 332 170 320 442 291 453 185 525 492 361 466 186 610 278 177 666 142 130 730 344 469 139 472 740 625 325
682 872 735 843 1069 433 1046 796 795 334 598 466 913 673 179 961 950 120 636 872 281 445 308 735 651 777 537 569
776 1038 899 966 1220 598 1174 870 951 427 663 582 993 829 307 1078 1087 284 775 1021 287 599 451 860 817 933 697 674
191 618 432 243 538 375 448 335 349 314 296 148 404 265 424 363 367 503 103 345 517 235 298 134 512 781 604 116
177 636 457 137 470 462 346 297 338 410 329 247 337 288 529 256 277 609 134 295 608 329 404 34 566 838 681 176
566 244 101 420 329 363 479 693 70 628 688 491 717 135 652 515 355 663 289 198 826 352 509 378 269 513 458 507
755 126 193 585 357 493 591 877 242 809 880 680 890 324 813 661 479 806 481 331 1001 522 677 560 308 460 502 699
701 115 117 550 378 418 583 829 199 737 819 612 851 260 738 638 465 731 422 309 928 448 602 513 242 428 439 638
326 745 597 117 396 690 144 341 436 647 491 491 282 456 776 8 183 859 356 323 833 569 654 225 742 1009 891 400
576 828 677 742 986 384 947 690 719 228 494 362 806 597 76 858 856 97 543 787 213 366 217 634 615 776 532 463
657 149 40 541 443 318 610 792 200 654 760 540 829 209 644 642 486 632 374 329 839 361 512 485 152 382 350 580
529 574 477 273 139 679 142 586 314 777 695 612 542 400 870 264 102 925 401 187 981 599 729 343 644 883 826 555
487 852 686 676 953 415 886 592 703 136 391 292 711 581 84 786 804 191 499 753 134 357 201 572 651 839 597 383
447 504 337 493 653 108 669 593 376 301 478 239 677 255 284 618 559 299 256 459 476 42 149 388 319 555 344 329
663 631 514 749 893 217 928 801 607 385 641 431 901 494 248 874 816 153 514 707 458 298 248 641 408 529 287 539
224 953 766 481 854 614 683 249 695 268 56 272 372 606 429 548 650 548 449 677 352 481 411 417 813 1062 846 230
323 479 294 267 445 308 431 461 216 403 435 248 511 125 470 391 322 521 41 245 608 199 327 175 391 663 513 254
482 567 457 227 170 643 131 544 290 730 648 564 505 366 825 232 55 882 356 160 933 557 684 295 621 868 799 507
652 894 750 826 1068 451 1031 761 799 301 560 443 880 677 159 941 940 140 627 869 230 446 300 718 676 815 573 542
262 1050 864 503 892 740 684 201 772 407 153 392 307 697 567 540 676 686 533 733 472 602 546 468 927 1184 975 323
237 964 777 493 867 621 695 258 707 270 69 280 382 617 430 560 662 549 460 690 346 489 415 430 822 1070 853 241
37 767 583 249 620 515 458 184 483 329 178 200 272 414 478 334 415 579 248 448 505 372 385 184 666 934 749 91
327 616 466 74 316 577 166 395 306 595 494 430 373 328 705 139 99 776 252 198 794 467 572 152 613 879 767 361
