2
5
8
20
230
100000
20000
100
40
300
0 1 
0 1 
1 0 
1 0 
0 1 
0 1 
0 1 
1 0 
12200 39160 27200 7400 45280 22920 19840
21160 22880 3680 20960 25720 4840 5040
22560 10800 24280 26840 19000 29560 22040
27720 30320 9600 26240 31600 4720 12920
6960 29200 28520 11320 37080 28960 21280
29360 1760 19240 32560 7520 26280 21240
10000 34480 22160 5680 40360 18280 14760
4840 32240 23280 840 38840 20960 15400
15160 14840 19800 19240 22680 23720 15600
2800 31080 26680 6200 38480 25880 18920
23560 17360 30680 28320 25280 35280 27280
34200 21880 10560 34720 19720 15720 18400
15120 16800 11040 17160 22560 14560 6680
10840 20560 13760 12800 26760 15240 6960
35040 14320 15160 36800 10400 22240 21440
25160 11800 27320 29600 19640 32800 25280
11600 24480 12640 11520 29840 11680 4720
30560 2360 23080 34200 8840 29920 24320
13400 29080 14200 11440 33960 10440 7360
15120 38000 23160 10640 43240 17880 16720
755 742 593 197 597 709 968 362 279 420 884 420 635 911 222 350 696 515 977 747 521 455 889 964 334 984 211 125
455 945 335 541 549 727 793 445 405 561 484 744 97 683 349 222 311 102 493 865 368 275 858 544 333 702 406 477
174 785 339 1024 413 488 286 588 934 609 142 813 634 170 825 751 287 698 300 650 408 482 482 162 595 119 717 925
260 892 224 744 460 625 603 470 624 560 247 772 264 484 540 434 111 340 272 785 308 284 717 305 401 483 516 662
375 341 395 904 177 50 278 394 879 321 529 450 804 302 751 749 495 793 705 206 354 460 153 589 489 404 564 797
530 230 547 989 316 139 361 497 984 397 679 452 952 425 857 873 651 932 856 98 497 597 138 735 606 524 660 885
491 1075 421 694 657 831 835 596 550 706 459 900 94 716 512 381 340 224 408 982 482 411 939 497 492 710 574 639
477 667 313 383 373 526 726 158 336 273 602 418 431 652 208 229 415 344 700 620 251 173 696 682 59 717 79 278
230 924 290 888 495 637 537 567 771 637 125 854 393 414 684 581 155 484 138 803 383 396 692 163 519 386 640 803
636 1001 489 369 660 832 957 487 220 606 686 744 238 857 219 108 503 111 700 946 489 380 985 749 367 889 374 335
584 1002 448 440 638 813 915 488 293 608 622 763 163 809 274 145 445 37 628 937 461 354 959 682 367 835 398 397
373 766 530 1207 505 498 177 727 1133 711 373 885 866 175 1016 958 511 922 507 628 574 669 406 367 766 120 880 1103
319 409 362 920 174 116 221 409 883 354 466 503 773 234 756 742 448 773 643 273 336 445 163 524 491 336 578 812
316 975 310 809 543 702 647 560 681 649 251 862 272 525 608 493 184 375 214 865 396 373 782 287 488 507 600 733
226 915 274 865 485 630 543 549 748 622 139 838 374 420 661 558 138 462 158 796 367 376 692 184 499 397 619 780
686 257 596 693 407 376 704 357 741 251 854 76 898 712 630 703 732 825 1011 312 505 544 528 931 468 811 439 604
390 1083 435 954 653 797 682 701 823 782 260 997 388 560 755 636 299 506 120 964 527 517 850 251 635 515 749 881
274 829 440 1126 489 538 275 680 1036 692 221 888 727 189 927 853 387 796 344 691 504 583 497 205 694 91 815 1026
193 814 357 1041 440 517 308 611 947 635 133 840 635 195 840 763 295 704 280 679 429 500 508 140 615 132 737 943
254 786 419 1105 452 495 235 650 1020 656 230 850 728 146 908 839 379 790 370 648 478 562 455 228 669 49 789 1004
209 521 151 724 88 260 384 235 669 249 377 460 554 317 545 518 272 546 535 414 108 218 390 455 282 394 388 618
250 486 320 926 186 190 184 421 877 387 391 558 727 165 752 725 388 739 568 351 313 422 216 447 487 266 586 819
640 865 476 228 584 740 924 369 127 479 732 582 387 840 34 97 538 261 788 830 440 338 908 806 266 892 219 160
56 746 157 834 320 458 397 431 741 481 142 697 461 278 633 557 101 510 294 624 242 296 522 223 416 291 540 738
248 623 383 1044 330 337 98 554 979 536 325 713 759 25 858 811 400 796 494 485 412 513 292 357 601 118 711 939
619 343 511 593 354 374 690 253 632 164 785 54 790 679 519 590 647 714 933 361 417 443 546 864 359 774 326 500
461 262 408 757 181 143 463 274 756 166 629 261 779 466 630 658 537 738 796 188 331 410 319 702 390 566 430 653
553 755 387 298 471 625 819 254 237 365 663 485 404 741 110 150 470 296 741 716 338 244 795 740 154 799 115 200
342 1041 413 982 616 750 614 689 857 761 196 977 439 494 780 668 278 549 46 918 507 513 791 176 636 443 754 903
535 233 465 726 253 219 544 281 742 161 703 184 812 549 619 663 598 759 866 207 381 444 385 778 402 649 417 626
662 440 535 501 418 465 772 257 553 212 823 116 763 749 448 536 668 673 960 462 442 442 641 904 338 840 271 412
413 1000 342 685 579 752 757 531 548 638 392 838 119 638 492 366 261 229 365 904 406 342 859 438 434 637 527 619
349 776 195 523 385 561 663 283 421 396 432 588 263 564 319 237 238 234 503 696 204 106 702 507 184 603 286 434
182 681 21 669 254 427 489 277 584 352 304 567 390 389 471 409 134 399 426 580 97 128 545 386 247 433 371 570
693 244 606 708 414 376 704 370 756 263 862 91 912 714 646 719 742 840 1020 305 515 557 525 938 482 814 454 619
301 973 312 835 540 695 627 571 709 656 224 870 304 505 634 520 180 406 185 859 401 386 768 257 504 483 618 757
478 1146 479 895 713 872 795 717 754 813 377 1023 300 672 705 578 354 428 255 1035 563 527 945 382 633 638 735 833
445 695 279 407 372 534 711 180 341 300 562 461 383 631 217 207 372 303 653 640 229 136 698 641 60 690 129 306
681 251 592 697 402 369 697 355 743 248 849 80 897 705 633 704 728 825 1007 305 501 542 521 926 468 805 440 607
474 446 348 533 246 346 615 82 532 59 634 225 624 576 408 451 482 557 773 409 254 272 526 715 196 663 206 428
98 795 199 862 371 506 420 477 762 531 97 747 452 299 659 575 105 514 243 673 288 332 562 179 454 293 578 768
426 902 297 530 508 685 760 403 401 519 467 704 139 652 332 212 286 126 492 822 327 232 819 531 293 676 371 459
576 687 412 297 448 586 811 214 282 309 701 402 490 744 160 238 513 385 795 659 346 272 762 781 154 811 44 190
188 548 279 919 203 251 192 425 859 410 324 595 679 128 736 698 331 699 502 414 291 397 279 382 476 221 584 813
267 816 433 1119 478 525 264 671 1031 681 223 877 726 176 920 848 383 794 351 679 496 576 485 210 686 78 807 1019
735 668 578 275 553 651 924 324 351 363 874 343 671 875 277 396 691 557 978 679 499 447 831 955 323 954 200 198
414 798 257 461 427 601 723 289 355 408 497 585 256 627 256 172 303 195 559 727 252 144 750 570 174 668 253 375
399 1095 452 980 666 807 681 721 849 800 261 1016 414 560 781 663 316 533 106 974 545 539 854 243 658 511 772 906
230 907 368 1028 507 610 426 643 922 687 73 899 565 310 824 732 266 650 163 775 454 502 620 22 625 248 749 936
568 634 409 333 416 545 784 179 333 262 703 348 530 723 213 289 520 431 808 610 334 276 722 784 152 796 32 227
403 988 329 679 566 739 747 519 543 625 386 825 123 629 484 360 251 227 364 892 394 330 847 434 422 629 516 612
283 807 161 617 390 566 617 347 507 447 343 653 249 509 412 319 152 269 406 714 214 156 687 415 266 535 378 530
493 404 376 562 247 324 609 123 569 40 655 189 666 579 446 493 512 599 800 373 282 310 505 736 239 668 244 459
451 1119 452 882 686 845 770 693 743 788 353 998 292 647 690 564 327 418 239 1008 537 503 918 361 611 614 714 818
699 961 540 233 669 829 999 462 86 573 775 676 369 908 119 113 584 239 811 924 516 409 995 844 354 953 315 208
762 81 717 922 487 368 669 536 964 417 926 305 1073 716 849 910 846 1016 1098 217 637 705 450 994 656 817 651 831
155 833 302 975 431 536 375 572 875 612 47 824 548 254 772 688 217 620 216 702 384 441 555 94 561 214 685 880
504 225 449 764 223 167 493 297 771 182 672 236 814 503 647 682 578 768 838 170 370 444 333 744 416 604 445 662
226 807 392 1078 452 512 276 636 988 652 181 852 683 173 879 805 340 750 320 670 458 535 488 178 647 92 769 978
314 871 480 1165 535 581 307 724 1073 737 243 934 751 230 965 888 419 825 344 733 547 623 534 211 736 129 857 1066
476 1156 494 940 724 877 781 743 801 834 360 1046 348 659 748 622 364 476 220 1042 581 554 941 354 664 617 769 876
452 315 488 989 273 110 274 483 970 399 595 495 898 335 842 844 581 889 772 178 450 556 72 649 582 433 652 883
308 662 451 1115 398 388 82 625 1049 603 357 775 817 82 929 880 457 859 516 524 483 583 311 375 672 107 782 1010
462 1138 474 916 705 861 773 720 776 813 353 1024 325 651 723 597 345 452 224 1025 561 531 928 354 640 613 745 851
519 798 355 341 477 642 807 285 248 403 614 544 328 720 137 99 420 224 679 747 323 218 804 689 168 770 179 255
521 1027 411 564 630 807 862 524 419 641 529 820 36 749 386 255 372 94 513 946 449 357 936 581 410 761 472 513
340 359 333 828 102 76 322 318 801 253 503 405 737 319 673 672 443 721 676 237 283 386 230 570 412 419 488 721
439 300 464 952 241 73 293 447 934 362 588 460 872 341 806 810 562 859 765 161 421 525 109 645 547 442 615 845
283 684 118 568 285 462 575 217 485 317 399 522 356 483 370 316 213 333 503 599 105 31 603 479 155 533 278 469
759 105 707 890 481 374 683 515 935 397 925 273 1055 724 821 885 838 995 1095 232 625 688 468 995 634 826 625 800
588 396 468 542 336 386 690 199 573 132 750 111 731 667 459 528 603 652 893 398 374 390 564 831 299 759 264 445
511 203 466 797 234 150 478 327 804 214 678 259 838 496 679 712 593 796 847 137 391 470 308 748 446 597 478 694
406 927 295 585 519 696 746 439 454 551 429 743 116 634 388 267 259 157 441 840 340 257 820 488 334 650 421 515
312 725 151 544 330 507 615 242 453 350 414 549 315 520 342 277 222 288 503 642 150 54 648 492 159 565 275 449
400 299 385 834 147 43 357 330 818 245 562 368 782 369 690 700 500 759 736 180 326 424 223 630 434 470 498 728
516 1161 493 844 731 897 845 710 700 813 434 1017 244 722 661 531 380 374 327 1056 570 520 982 448 617 696 710 789
752 773 588 163 608 727 977 371 239 439 875 454 606 916 188 318 685 483 961 773 521 447 907 954 330 986 210 84
712 747 548 191 569 691 937 332 243 403 837 432 580 876 171 297 647 461 925 742 481 408 871 916 290 946 170 96
280 813 446 1132 483 524 254 679 1045 687 241 881 744 173 934 863 400 810 368 675 507 589 478 228 698 72 818 1031
285 831 177 635 411 585 624 375 522 475 330 681 234 513 431 332 144 268 383 736 237 184 702 399 294 533 405 551
424 811 269 455 441 615 736 301 347 420 504 596 246 639 251 162 311 181 562 741 266 158 764 577 185 679 259 372
115 729 280 966 347 432 272 522 881 542 152 747 605 149 769 700 248 658 327 597 344 423 444 200 533 143 654 866
497 980 377 529 589 766 836 475 388 593 521 770 79 725 344 214 352 68 522 902 408 312 899 579 360 743 422 472
150 760 98 733 327 490 490 372 634 446 223 662 363 378 530 449 38 402 331 650 191 208 586 302 332 399 455 639
327 414 379 942 197 128 203 431 905 375 470 521 789 226 778 764 460 792 647 277 356 465 146 526 514 328 601 835
428 491 293 523 229 357 599 24 506 96 584 285 566 549 379 407 426 504 718 441 201 212 533 665 144 631 184 416
292 528 394 1019 280 249 90 515 967 478 401 639 793 117 843 811 441 814 576 390 400 508 199 443 579 214 680 912
189 688 344 1023 348 394 181 553 947 553 239 745 694 61 830 772 335 741 408 551 390 483 373 271 583 76 699 920
223 896 366 1030 499 598 411 639 925 680 74 892 573 296 826 736 268 656 177 764 450 501 606 36 623 234 747 937
460 404 347 581 213 300 577 111 579 11 623 217 651 545 454 492 483 591 770 362 254 290 480 703 231 634 253 476
404 1097 449 964 666 811 693 714 832 796 272 1011 394 572 766 646 313 514 124 977 540 530 862 259 648 525 761 892
454 260 408 774 176 124 446 287 771 182 621 279 784 451 644 669 534 746 790 177 333 416 300 693 402 552 445 669
373 1069 429 971 641 781 655 700 841 777 235 993 413 535 770 654 293 528 87 948 522 520 828 220 640 486 756 895
269 674 103 582 270 447 558 215 501 311 389 519 368 467 385 332 206 349 498 586 89 40 587 470 162 517 286 482
684 25 648 912 414 285 585 490 941 370 847 304 1017 632 822 872 774 968 1020 134 572 648 368 914 611 733 621 816
738 968 577 189 694 850 1031 479 39 586 818 674 417 944 121 157 627 287 857 937 547 442 1019 889 377 992 323 179
291 802 163 604 388 564 623 337 495 439 355 643 249 516 399 307 163 262 419 711 210 146 688 427 254 544 365 516
382 637 218 478 294 459 634 128 419 245 511 430 414 558 293 280 329 355 619 572 155 85 621 592 40 620 164 374
238 828 403 1087 470 533 295 651 995 669 176 870 682 194 887 811 343 752 306 691 471 546 508 165 659 109 781 989
44 674 195 879 269 380 300 431 798 456 187 665 554 185 683 622 196 593 362 547 253 336 427 257 443 219 564 778
98 690 257 941 307 393 256 487 860 503 182 707 605 136 746 683 245 650 360 558 313 398 413 237 504 157 624 839
137 662 286 964 299 365 211 496 889 502 224 699 647 91 772 715 288 689 400 528 332 424 371 272 524 134 641 861
233 836 397 1081 473 540 308 649 987 670 162 873 669 205 880 802 333 741 291 700 468 540 520 149 655 124 777 983
676 923 514 225 635 794 969 425 92 536 758 639 375 881 82 97 565 245 801 887 486 380 961 829 319 929 277 184
474 621 313 405 342 488 703 116 372 227 608 372 473 636 244 275 426 390 715 577 240 181 661 689 58 705 70 298
434 459 308 546 216 332 587 55 534 64 594 261 596 543 407 438 443 535 733 411 214 237 510 675 176 627 210 439
512 854 355 378 510 681 819 339 261 459 589 611 259 725 177 74 397 153 638 795 342 233 836 661 218 767 249 304
650 419 526 520 400 444 752 250 568 196 811 98 766 731 461 545 660 679 951 440 432 438 619 892 338 823 279 430
618 935 463 313 612 780 927 424 174 541 687 671 287 832 145 40 497 157 720 886 449 339 939 755 307 873 301 266
621 866 458 252 573 732 909 365 144 477 710 589 363 823 58 73 516 238 763 827 425 321 899 783 257 873 222 185
221 792 126 677 365 536 560 364 572 453 279 665 296 449 473 384 86 331 356 691 202 180 644 353 302 470 421 588
317 387 331 862 120 91 278 351 829 294 475 449 740 276 701 693 431 732 650 258 293 400 206 539 438 377 520 755
460 863 311 449 492 668 779 352 327 471 525 642 205 679 248 137 336 129 568 793 316 209 814 595 234 714 294 375
687 323 582 627 416 412 736 325 679 234 853 18 860 734 572 652 719 781 1004 369 489 516 575 932 429 831 386 540
174 606 300 962 264 310 171 478 895 470 283 659 682 73 775 728 326 715 459 471 329 430 312 332 519 158 632 857
31 676 181 866 266 383 313 422 784 450 186 659 540 199 670 607 183 579 359 550 241 323 436 258 431 233 552 765
632 671 471 277 479 602 848 242 299 314 764 367 558 788 193 295 578 449 863 657 398 335 780 845 212 861 88 173
409 800 568 1247 546 536 212 768 1171 752 397 925 896 216 1055 995 544 955 521 663 613 707 437 383 806 154 920 1143
482 490 344 490 275 388 646 64 486 104 636 250 591 600 362 407 476 518 768 455 253 251 567 718 160 683 160 384
673 165 604 776 391 322 648 396 816 279 841 163 937 670 701 763 737 874 1006 229 517 573 457 914 514 771 503 684
570 1090 469 595 691 869 914 587 447 704 565 881 60 799 429 298 419 134 529 1009 511 420 995 610 472 805 530 553
541 1078 447 621 674 850 885 581 473 697 530 880 39 769 448 316 389 152 492 994 494 408 972 574 469 772 535 574
516 1085 438 674 671 846 860 599 528 712 489 902 74 741 496 364 364 204 439 995 494 418 959 528 492 738 568 623
447 653 283 414 345 501 695 139 363 258 574 416 426 621 236 245 388 348 675 601 220 144 669 654 28 685 103 309
646 547 500 389 438 525 807 225 435 240 796 231 671 766 332 426 625 572 917 552 412 384 705 877 265 850 170 296
241 886 220 765 454 615 582 477 647 562 221 776 288 463 561 456 98 365 253 777 308 293 702 280 413 459 530 681
374 1073 443 1001 647 782 642 718 873 791 225 1008 448 522 800 685 307 562 59 949 537 540 821 199 662 468 780 924
361 849 231 559 446 623 693 362 440 473 413 667 191 586 356 250 227 191 457 764 265 179 753 482 261 613 357 479
365 846 530 1216 548 567 262 755 1131 754 323 940 829 220 1019 949 487 897 432 708 587 673 493 298 779 126 898 1114
405 295 396 851 159 27 348 347 835 261 566 379 796 364 707 716 509 774 740 171 340 438 207 632 451 466 514 745
235 727 85 625 308 483 552 284 531 376 333 586 330 451 423 351 143 334 431 632 133 103 608 412 226 489 348 530
483 860 331 418 501 674 798 346 297 466 554 629 227 700 217 107 363 134 599 795 327 218 824 624 226 738 274 344
300 608 142 563 226 399 551 145 500 238 439 446 431 472 377 350 267 395 560 528 70 62 551 520 122 535 243 459
617 256 529 680 339 318 644 300 715 188 785 88 843 647 599 662 665 776 943 279 439 484 480 862 416 746 401 586
219 881 369 1040 490 583 387 639 937 676 88 886 594 273 837 749 279 674 203 748 451 507 585 61 628 208 752 945
624 174 556 763 342 278 606 358 794 238 792 163 896 624 676 732 689 837 957 205 471 530 422 865 477 725 475 667
707 979 549 245 683 845 1010 479 95 591 778 695 362 918 138 120 589 232 810 941 528 420 1010 847 369 961 333 226
301 680 449 1117 407 403 102 631 1048 612 342 787 808 81 929 878 449 853 498 541 484 583 330 357 674 88 786 1012
400 307 362 777 125 101 403 276 764 188 567 322 748 401 636 651 485 717 736 207 293 383 281 639 384 500 442 671
429 845 281 473 467 643 749 337 355 456 496 633 209 648 270 166 305 151 543 772 289 183 787 566 222 683 296 395
369 644 505 1158 426 387 60 659 1097 627 423 785 879 140 975 932 520 918 580 508 529 633 281 438 715 169 821 1052
249 603 99 615 196 373 502 181 549 255 393 470 443 420 427 392 232 422 523 512 18 91 515 475 175 482 295 512
721 92 669 867 443 338 652 480 907 361 887 251 1018 690 792 853 799 960 1057 204 586 651 441 957 600 792 594 775
225 687 378 1055 367 397 153 579 981 574 269 760 730 46 863 807 371 777 433 549 421 516 359 294 613 57 729 951
245 457 269 845 104 163 266 339 801 307 404 487 680 233 674 654 361 680 579 330 244 354 257 471 410 329 505 739
597 713 432 270 476 614 837 242 255 337 719 423 487 769 135 224 530 377 809 687 369 291 790 799 177 835 73 163
405 906 285 562 504 681 742 415 433 528 438 718 133 632 363 244 262 149 460 822 323 236 809 501 309 652 394 490
596 278 504 659 319 313 636 272 690 161 763 89 815 633 573 634 640 747 919 290 413 455 480 841 388 731 374 563
488 1138 470 846 708 872 815 694 704 794 404 1000 248 693 660 531 354 378 299 1032 549 503 954 418 604 666 700 788
289 436 337 911 165 140 214 402 870 355 437 515 748 213 744 726 420 751 614 301 316 426 188 495 479 314 570 804
648 518 507 418 430 507 796 228 466 227 801 200 695 760 363 455 634 599 927 527 417 398 687 883 282 846 196 327
592 381 475 556 336 379 686 210 589 135 755 97 744 666 474 543 611 667 900 386 382 401 555 835 313 759 279 460
153 719 53 707 287 454 481 329 615 401 257 617 379 374 506 434 83 404 374 612 146 172 559 337 294 407 419 611
480 292 513 998 292 122 298 495 983 406 624 489 922 363 855 861 608 910 801 156 472 576 81 678 598 461 662 892
339 999 333 817 567 727 669 581 686 672 268 884 267 547 617 499 208 375 216 889 419 392 806 299 506 527 616 743
587 1196 535 783 774 945 925 719 635 829 526 1023 195 803 613 482 441 318 434 1099 602 534 1046 548 614 786 692 739
543 783 378 310 482 641 821 276 230 391 645 520 366 738 110 115 451 257 715 739 338 237 808 721 166 793 150 219
417 1073 405 834 641 803 744 641 697 737 336 947 251 622 640 516 285 375 248 965 488 451 883 355 558 597 661 768
68 749 147 821 321 463 411 423 726 477 149 692 446 293 619 542 86 494 296 629 234 284 532 231 404 306 529 724
245 908 247 801 476 632 580 510 682 593 199 808 309 458 598 491 116 394 215 796 338 329 710 251 449 447 567 718
227 845 177 726 414 580 571 428 612 515 242 728 285 454 521 422 75 345 297 739 262 244 676 309 364 462 482 639
416 728 565 1231 509 475 147 739 1165 711 438 872 920 197 1045 994 562 969 578 592 599 699 361 437 788 177 898 1126
505 650 342 367 381 526 740 152 335 260 635 389 466 672 207 249 449 375 735 611 274 205 699 715 84 740 42 260
32 729 187 871 313 437 352 449 781 488 136 701 507 233 671 599 148 556 305 604 263 329 488 213 445 245 568 772
551 536 404 418 356 464 727 131 430 175 700 255 599 679 311 380 530 511 822 517 317 292 644 782 177 760 115 314
678 477 544 466 442 498 801 264 523 235 836 151 752 774 423 516 675 658 968 499 453 444 675 917 334 863 255 380
333 395 273 717 55 173 414 207 690 156 502 345 654 383 562 566 401 626 664 300 200 291 341 577 302 476 377 610
732 111 676 858 453 354 669 481 901 362 899 241 1021 705 787 850 807 960 1068 223 593 654 460 970 600 807 590 767
572 1005 439 462 635 811 904 492 315 612 605 772 141 798 293 163 431 19 607 938 456 352 954 664 372 821 410 417
413 621 252 454 303 460 654 107 406 227 546 401 441 581 279 282 365 373 656 564 182 122 627 627 15 648 130 349
231 710 75 624 292 468 543 271 534 360 337 571 345 443 423 356 150 346 441 615 116 93 594 417 218 485 341 528
483 413 364 559 240 325 605 111 562 36 645 201 654 572 439 483 500 588 789 379 271 298 505 725 228 661 237 455
602 932 448 332 602 771 913 419 194 537 668 672 269 817 158 37 479 139 701 880 436 327 929 736 301 856 303 282
604 682 442 282 465 596 831 228 284 313 733 387 522 767 170 262 546 414 829 661 372 303 774 813 183 837 62 175
423 1116 466 974 685 830 711 731 839 813 290 1029 398 590 776 655 331 520 138 996 558 546 881 275 663 542 776 902
560 993 426 461 622 798 892 480 316 600 595 761 139 786 288 157 420 10 600 925 443 339 941 655 360 810 400 413
300 962 442 1100 573 665 450 716 991 757 147 968 621 344 896 801 338 712 172 828 527 576 659 69 698 265 823 1008
541 1177 510 834 749 916 871 719 688 824 463 1026 234 749 654 523 401 364 358 1075 585 530 1005 478 623 724 712 782
411 790 253 460 420 594 718 281 357 399 496 577 264 622 256 176 302 203 561 719 245 137 743 570 166 665 247 373
559 274 472 670 282 278 598 253 692 136 728 126 795 595 572 626 608 733 885 268 382 432 447 804 372 693 371 571
357 527 219 553 194 349 555 63 516 146 510 354 515 494 388 392 352 466 644 459 127 149 516 592 126 570 214 446
720 647 565 294 534 630 905 307 365 343 861 323 671 858 284 400 680 559 969 657 484 436 810 942 312 937 192 214
230 928 305 914 502 638 524 584 798 651 106 867 420 402 710 607 174 511 119 806 399 417 687 136 541 368 662 828
663 896 500 219 613 770 951 400 102 510 750 611 385 865 55 98 557 256 800 861 467 363 938 822 296 915 250 166
354 1046 400 935 616 760 649 668 806 747 228 963 381 527 735 618 263 494 106 927 492 486 814 226 606 485 721 859
503 996 387 543 602 779 843 492 400 609 521 787 61 732 360 229 356 76 516 917 421 326 911 577 377 747 440 488
792 875 626 65 680 812 1043 445 149 527 901 558 571 973 157 283 708 442 969 869 571 483 990 978 379 1036 275 42
696 693 535 243 534 648 905 299 297 358 828 376 607 849 214 332 642 492 926 691 461 399 828 909 277 923 152 151
346 380 288 723 65 162 415 213 699 153 515 336 669 389 571 578 416 640 678 286 215 305 334 590 313 483 383 616
460 1150 497 982 719 866 749 757 845 843 328 1057 397 628 787 663 362 522 173 1032 588 570 919 312 686 580 795 914
605 154 546 787 324 247 573 364 812 244 773 197 897 595 693 743 677 843 940 170 463 529 387 845 484 696 491 690
491 896 346 439 528 703 814 383 310 503 550 669 188 712 244 121 362 96 583 828 352 245 850 617 264 745 315 372
221 769 386 1071 424 475 235 618 987 627 208 823 699 132 874 806 348 759 357 631 445 528 446 216 636 54 756 971
501 555 351 427 326 451 695 90 419 171 647 296 548 641 295 345 475 466 767 522 266 235 629 729 122 718 93 320
324 930 264 706 503 672 668 482 579 581 311 788 197 549 505 390 172 281 314 829 338 292 773 365 399 550 505 630
290 988 361 946 562 698 574 637 824 708 152 924 422 452 742 634 226 525 71 866 454 465 743 152 588 409 707 863
348 1014 350 837 581 739 673 600 706 690 266 902 282 551 638 519 222 393 200 902 437 412 814 292 527 527 637 763
445 723 279 406 390 555 722 208 329 328 555 490 355 638 209 184 363 274 639 665 238 137 717 633 87 693 152 308
618 305 518 632 346 349 670 272 669 170 785 55 814 665 554 622 654 741 938 325 426 460 517 863 383 762 359 538
371 677 205 480 318 489 644 171 408 288 490 474 371 560 287 255 302 315 588 608 160 62 645 570 72 617 189 380
539 241 562 1011 333 156 355 518 1005 419 685 473 968 425 878 893 663 950 862 115 514 615 128 739 626 522 681 907
537 162 508 856 270 144 463 386 864 274 701 302 890 495 739 771 630 852 873 77 438 522 271 768 504 597 538 754
611 312 509 624 340 348 667 262 660 162 777 60 804 660 545 612 646 731 930 329 417 451 517 856 373 757 349 530
478 354 378 621 213 269 564 161 626 41 644 191 699 542 502 542 515 640 797 315 287 334 449 723 281 635 300 518
119 673 46 732 241 403 430 317 648 374 256 591 434 328 534 472 119 454 394 563 128 189 505 337 304 370 427 632
370 552 223 526 223 379 581 59 486 165 518 364 493 517 358 362 352 439 645 487 135 133 546 599 96 590 188 419
436 1083 414 817 652 816 766 642 678 741 361 948 229 644 625 499 299 354 276 977 494 451 901 383 555 622 654 753
342 739 181 517 352 529 644 245 423 357 439 551 301 550 314 248 246 265 522 660 175 70 673 516 149 595 259 423
541 894 388 374 549 721 854 379 245 499 610 648 241 757 182 55 420 123 648 836 380 270 875 679 259 796 283 310
795 901 629 56 695 831 1054 461 120 547 899 587 554 981 149 268 706 424 962 892 578 487 1008 975 388 1042 291 60
413 289 410 869 175 12 339 365 853 279 573 390 811 362 725 734 521 791 747 162 356 455 190 637 469 463 533 763
491 527 345 454 302 423 673 71 448 142 640 276 566 622 324 371 473 488 765 493 257 239 601 722 135 701 122 348
229 569 106 653 152 329 459 191 592 243 385 460 483 382 469 438 242 468 526 474 29 137 469 466 210 450 325 548
491 254 510 968 281 104 335 470 958 375 641 448 915 392 830 842 612 898 818 117 462 563 124 698 576 491 635 863
622 325 517 611 353 365 684 264 650 169 788 47 804 676 537 607 654 729 939 346 424 454 535 867 373 772 343 518
98 620 108 778 192 339 359 326 704 359 263 572 509 263 586 535 179 527 423 503 148 239 431 342 339 318 459 676
541 757 375 310 465 621 810 253 243 366 649 491 391 731 117 144 456 285 726 715 328 232 790 726 148 788 122 213
453 1138 480 951 706 857 753 735 813 823 331 1037 365 631 756 632 347 490 188 1022 569 547 916 323 661 587 769 883
670 953 512 265 649 812 973 449 120 563 742 676 336 881 125 83 552 206 776 912 492 383 976 811 337 924 310 230
24 712 151 836 289 423 368 415 747 458 164 672 486 252 636 567 128 529 325 590 227 294 488 243 409 275 533 737
604 146 548 797 324 241 567 370 821 250 771 207 902 590 701 750 679 849 939 160 466 534 378 843 491 692 499 699
407 292 393 839 155 40 359 336 824 249 569 367 790 373 696 707 508 766 743 172 334 431 220 636 441 474 503 733
427 417 315 591 184 286 552 99 581 32 590 249 630 516 454 484 451 575 737 364 222 265 465 670 218 604 257 485
751 54 716 951 482 351 641 550 989 430 914 336 1081 694 872 928 842 1029 1088 192 639 712 419 980 670 795 672 859
363 599 489 1130 392 344 22 628 1074 589 435 743 874 139 951 913 515 906 598 463 506 612 237 458 689 193 792 1023
187 797 353 1037 427 500 291 602 946 623 145 827 642 177 838 763 297 707 297 662 421 495 491 156 609 117 731 939
434 538 287 484 263 401 630 27 460 143 582 317 527 573 332 359 415 459 708 489 199 185 575 664 98 649 142 376
509 587 354 399 349 480 716 111 387 202 650 323 526 657 263 315 472 439 764 554 273 230 657 731 109 732 61 292
351 984 315 758 554 720 690 545 627 642 307 850 211 569 560 440 206 316 274 879 395 354 811 348 462 559 568 686
599 529 454 411 392 486 762 178 441 198 750 227 643 720 330 412 581 550 874 523 366 343 666 832 227 803 148 312
