2
5
8
20
230
100000
20000
100
40
300
1 0 
1 0 
1 0 
1 0 
1 0 
1 0 
1 0 
0 1 
16800 7560 25120 32120 15920 27000 32440
21000 16280 26800 23280 16680 25800 26720
13680 26440 4360 35040 12160 5280 20600
14680 24640 10160 26600 8840 4120 13800
19000 32240 9800 42560 19680 12640 26760
4880 8520 14240 35720 8320 18840 29520
20560 30600 14400 25400 14840 6040 9480
30600 30120 32440 9040 23880 27560 19920
6920 17640 7280 31120 2800 9360 21200
5800 12560 11840 31240 3240 14440 24240
9800 4680 18880 34760 11200 22440 31120
18400 11120 25760 28600 15920 26480 30200
33840 31840 36400 10600 27440 31800 24120
24240 28520 23320 13160 16880 17080 9920
22280 30640 17760 20840 15640 9800 5920
14160 19360 15320 22640 6840 12400 16360
32280 40280 26960 19320 25600 18600 4560
31160 35600 29120 8920 23800 21880 8880
11320 24560 2520 38760 12600 9800 25200
37640 37360 38680 5280 30680 32880 22240
615 421 228 407 143 404 330 680 829 703 461 314 604 727 183 564 507 597 779 780 671 300 129 418 131 298 579 631
314 229 107 517 369 168 47 844 808 766 192 220 295 601 157 767 365 494 694 792 876 492 271 429 427 575 310 881
521 241 555 514 772 585 492 784 484 575 282 339 407 190 479 790 157 183 312 518 877 610 535 365 782 778 215 962
569 362 190 385 187 370 284 676 790 677 403 257 551 675 125 569 451 545 732 746 678 296 86 376 189 327 521 652
301 145 198 496 451 233 127 825 739 719 99 180 248 515 192 764 284 415 614 731 871 499 301 386 496 607 220 894
998 592 778 270 817 923 803 229 267 40 709 537 908 459 635 320 493 406 383 175 353 397 570 327 747 541 739 496
562 359 182 390 186 362 277 683 794 682 398 256 545 675 121 577 451 546 733 750 685 303 90 379 193 335 516 660
752 358 500 59 554 650 531 373 426 298 472 274 676 418 357 342 309 300 419 369 438 186 295 91 500 366 534 507
770 369 539 93 605 683 563 364 373 255 486 299 689 380 397 354 300 270 373 318 443 234 343 93 552 413 536 527
1128 784 776 400 651 955 856 290 745 520 885 672 1079 860 661 159 766 754 825 656 182 334 548 549 543 272 971 64
1010 676 657 313 541 836 737 315 709 495 773 560 964 784 542 166 668 671 765 624 247 223 429 456 436 161 862 183
621 220 414 194 532 543 422 510 453 391 336 155 540 346 278 479 180 216 388 422 577 275 262 56 505 446 395 638
1313 932 995 521 907 1169 1060 221 697 478 1044 835 1246 898 864 250 875 823 829 605 141 527 759 662 802 528 1108 220
693 317 612 365 771 697 584 586 287 362 414 346 587 107 495 615 179 48 154 307 690 493 504 240 750 672 398 795
1015 647 692 244 623 866 758 188 586 366 755 542 955 694 562 53 613 591 659 498 162 225 456 394 527 264 830 205
859 535 506 228 417 685 585 387 673 487 626 416 814 691 390 258 544 568 693 599 363 91 277 346 323 93 721 334
898 688 509 509 280 674 615 653 961 780 744 570 891 938 465 507 747 808 961 890 590 362 374 594 178 206 859 485
157 303 232 660 492 121 127 989 898 887 204 347 172 653 315 920 437 568 761 895 1028 647 429 554 567 732 281 1038
901 533 585 141 544 757 646 261 547 349 640 428 840 609 451 164 506 498 591 468 273 120 350 289 457 228 717 310
967 596 650 193 597 823 712 205 553 340 704 492 904 647 517 98 561 542 616 468 206 183 415 342 505 255 778 256
595 219 521 364 699 598 487 631 385 433 314 262 491 163 413 637 80 52 249 398 722 471 439 219 689 645 305 810
778 677 410 637 147 538 517 849 1080 930 697 578 800 994 436 710 773 863 1043 1023 803 502 395 676 154 399 818 711
753 536 366 411 187 539 468 626 860 702 590 419 741 804 311 494 602 673 838 798 593 273 222 468 84 192 705 527
715 317 483 106 560 625 505 413 413 311 433 242 636 378 341 388 262 256 388 365 483 222 293 44 514 402 489 554
1082 676 849 331 869 999 879 180 316 104 793 616 993 539 706 304 579 492 455 224 309 441 634 407 792 565 825 466
939 698 552 471 345 724 654 584 919 728 764 577 924 919 489 437 743 791 932 844 515 326 387 572 237 152 875 406
563 358 184 387 189 364 278 680 791 679 398 254 546 673 120 574 449 544 731 747 683 300 87 377 194 333 516 658
801 688 429 631 164 562 536 833 1077 922 712 586 820 998 446 693 780 867 1044 1017 784 493 399 676 152 381 832 688
836 504 492 195 422 669 566 380 643 462 598 387 789 657 370 260 510 533 660 571 367 57 259 312 333 125 691 354
846 703 466 604 204 610 574 785 1055 890 737 594 858 995 463 642 784 864 1033 991 729 462 400 663 151 333 857 627
932 612 573 285 456 752 656 373 715 514 703 493 890 756 463 230 618 636 750 636 324 164 348 415 353 81 798 268
943 627 581 303 456 760 666 382 732 530 717 507 903 774 473 237 635 653 768 652 328 181 359 433 351 77 813 263
1041 651 752 244 722 918 803 86 476 249 765 562 968 626 613 112 589 541 573 385 160 296 520 378 633 384 824 288
285 315 106 598 359 83 45 921 898 853 258 309 301 686 223 837 453 582 782 882 946 559 330 517 437 621 366 940
549 527 216 634 134 307 309 913 1032 927 514 458 582 884 308 794 648 761 956 992 899 533 334 618 244 507 632 844
918 544 610 139 576 780 668 231 522 319 653 442 854 598 474 148 508 491 573 440 254 149 376 289 490 259 725 309
350 173 434 562 681 429 352 868 640 694 137 294 236 358 399 847 208 312 477 661 944 621 484 416 713 768 44 1004
399 13 303 412 521 367 257 734 607 601 112 116 315 384 230 693 150 281 480 602 795 450 306 280 542 590 190 840
1239 857 924 447 846 1098 988 154 641 418 969 761 1172 830 793 179 801 752 765 549 69 457 688 588 744 470 1034 193
859 456 625 126 672 772 652 287 333 173 573 389 775 411 482 305 376 320 376 261 380 268 419 182 610 434 617 486
449 200 502 530 733 520 432 818 549 624 218 312 335 260 442 813 162 232 382 578 904 611 510 381 752 772 143 979
364 252 64 492 317 190 81 814 810 752 236 215 350 620 116 731 383 506 707 787 840 454 226 417 373 526 356 838
747 386 686 421 846 765 655 609 242 365 476 421 637 69 571 654 247 119 82 283 720 556 579 309 824 735 445 836
977 646 623 294 509 802 704 332 704 495 742 530 932 767 509 185 643 651 752 622 274 193 395 434 405 131 833 217
572 168 400 253 547 513 394 565 464 430 285 131 487 316 274 538 124 186 375 445 635 329 282 109 532 496 337 698
484 118 279 312 448 396 276 640 585 538 215 9 415 417 160 587 186 293 490 564 692 337 204 202 450 476 304 729
869 519 538 163 482 713 606 320 598 408 620 406 815 635 410 207 508 517 628 522 316 72 303 299 393 169 705 323
1068 731 714 358 589 893 795 306 733 513 829 616 1021 826 600 161 719 716 800 645 218 279 487 505 482 210 918 127
769 597 381 504 143 540 489 712 952 795 637 486 770 886 360 575 676 754 925 891 670 366 291 555 48 265 756 589
607 246 554 397 736 624 515 652 374 443 332 299 499 128 450 666 109 50 224 396 748 508 478 254 728 683 309 840
889 482 684 206 748 821 701 308 252 113 599 433 798 369 542 359 382 300 314 180 418 349 489 224 688 514 628 541
1041 642 772 252 764 933 815 97 410 182 758 563 962 580 631 181 567 505 517 318 212 334 545 366 680 442 808 353
704 390 705 519 894 758 657 724 333 479 456 456 590 48 606 765 262 171 150 389 834 645 634 391 884 824 398 945
306 200 429 600 683 405 339 911 687 740 134 319 192 403 410 885 253 359 523 709 983 653 502 457 723 794 14 1039
947 600 900 571 1049 979 870 659 170 394 685 633 833 239 781 745 462 334 133 262 784 716 779 493 1017 893 641 925
1186 802 877 392 809 1049 938 103 594 368 915 707 1117 775 743 134 745 695 712 501 41 410 641 532 710 440 977 202
529 427 147 515 118 299 255 803 912 807 434 346 539 772 194 691 539 647 841 872 798 422 214 498 196 423 554 758
1160 763 880 366 847 1045 929 45 486 265 879 681 1083 689 740 190 689 623 616 394 150 424 648 487 755 497 929 314
534 129 374 287 538 480 361 603 493 467 246 106 449 323 256 572 107 197 393 478 671 353 280 147 530 515 301 729
592 187 411 234 550 529 409 545 452 411 304 143 507 317 282 519 138 186 370 430 616 316 282 89 530 485 356 680
1039 650 745 242 711 913 798 93 488 262 764 559 967 634 607 98 592 547 583 398 154 287 512 379 621 370 825 276
367 59 340 466 573 375 276 784 619 635 80 179 272 371 286 749 157 286 478 624 850 512 368 328 600 654 127 900
668 270 444 145 539 581 461 460 435 352 385 196 589 365 303 430 224 237 391 396 527 240 269 21 502 416 444 592
616 364 249 322 232 429 334 608 741 617 423 248 588 646 150 502 434 516 694 691 611 228 50 329 201 273 536 590
1104 751 761 358 653 939 837 242 693 468 854 641 1051 812 640 107 726 709 775 604 145 307 529 508 548 274 936 90
146 262 290 651 555 206 182 979 847 856 149 333 102 588 340 922 385 514 701 852 1028 657 453 531 620 760 201 1051
553 147 402 282 562 506 387 591 466 446 264 133 465 299 282 567 95 171 366 453 663 359 301 136 552 525 309 727
685 553 303 530 49 452 411 771 965 826 578 452 695 868 311 640 647 738 920 911 740 404 270 556 65 339 698 671
551 430 165 496 105 325 274 779 900 789 444 342 557 768 192 665 537 642 833 857 772 399 197 485 171 395 565 730
205 202 308 604 571 262 207 929 778 794 85 290 121 516 326 880 317 444 630 785 985 623 434 476 626 740 134 1018
839 603 453 417 263 626 554 587 870 694 665 483 824 843 389 445 656 713 866 801 538 271 290 499 153 134 778 455
585 462 200 504 71 355 308 777 917 799 478 370 592 794 222 659 565 667 856 871 764 398 212 503 140 379 599 716
567 162 393 256 541 506 387 569 471 436 279 123 482 321 267 540 125 191 381 452 638 329 277 113 527 495 333 699
822 751 470 721 217 580 573 925 1164 1013 763 655 853 1074 510 784 851 944 1125 1106 873 585 476 759 238 473 884 773
139 298 388 705 653 297 280 1029 849 884 183 393 24 571 426 984 398 517 690 865 1088 728 536 574 716 843 168 1122
599 300 616 508 821 658 561 753 416 528 355 382 485 116 529 774 187 153 239 459 853 618 572 365 822 792 293 950
1163 785 846 375 770 1020 910 126 614 386 896 687 1098 780 715 100 735 694 723 522 8 379 610 519 669 397 964 163
772 547 385 405 207 559 487 611 856 694 604 430 758 807 326 477 609 676 839 792 575 265 233 469 101 172 719 507
582 246 561 442 756 617 513 700 405 488 318 317 471 130 466 712 121 97 243 434 795 549 503 297 754 722 279 887
294 148 201 503 455 231 126 831 743 724 97 186 242 517 198 770 287 418 616 735 877 505 307 392 501 614 216 900
703 304 567 270 702 674 556 507 297 307 415 298 605 202 440 525 182 96 219 288 604 399 431 151 672 579 426 703
617 569 270 631 91 375 369 893 1046 926 567 489 647 915 338 767 683 790 981 1000 869 518 341 631 198 470 687 804
339 200 451 590 701 435 365 896 659 719 153 321 224 372 422 875 235 334 493 683 972 650 510 444 736 796 38 1032
959 697 575 440 385 751 674 533 883 686 770 575 938 898 500 385 732 772 905 805 461 299 393 551 275 119 878 353
898 496 729 287 816 854 734 373 166 124 609 468 800 311 591 442 378 272 237 108 492 432 551 268 764 601 620 623
593 223 339 203 441 484 364 532 540 455 327 115 527 432 197 475 237 301 479 503 580 230 171 126 416 385 409 618
955 579 859 476 982 958 842 539 53 274 678 589 846 262 730 628 443 312 140 142 665 622 712 421 940 794 654 807
502 192 226 309 365 372 254 635 643 569 264 76 450 497 88 564 270 370 562 612 672 295 122 236 366 413 369 690
1308 935 979 525 876 1155 1049 250 737 514 1045 834 1246 924 852 243 886 842 861 645 143 515 744 670 770 496 1114 173
726 356 653 391 811 736 624 592 256 356 450 387 617 85 536 631 218 87 113 287 701 523 543 274 789 703 426 812
770 494 397 302 285 577 487 518 754 589 568 373 740 720 302 390 537 591 744 689 494 160 191 376 194 120 675 449
493 110 420 381 618 489 379 682 492 514 206 179 393 262 326 665 30 161 358 497 760 458 373 233 622 621 220 828
660 570 292 587 41 421 398 836 1014 883 582 478 681 902 331 706 674 773 960 963 807 466 311 601 131 405 703 737
1053 658 776 259 756 939 822 74 442 214 773 574 977 608 635 152 588 530 548 350 181 328 546 382 669 425 826 322
523 339 144 412 196 323 238 712 801 700 369 243 509 668 97 610 439 541 732 761 719 334 109 387 221 373 488 697
890 520 580 123 547 751 639 261 531 335 628 416 828 591 445 174 490 480 573 452 281 119 345 272 463 241 703 326
768 665 399 627 135 528 505 842 1069 920 684 565 789 981 423 703 760 851 1031 1012 797 493 382 664 144 393 805 707
982 626 919 563 1057 1006 894 626 135 362 716 650 870 275 796 719 487 357 158 227 753 709 786 497 1020 883 677 897
956 602 898 554 1041 982 871 632 143 368 691 630 843 248 776 721 464 334 134 235 759 700 770 482 1006 875 651 900
984 578 763 256 803 908 788 232 269 47 695 522 894 451 620 317 480 395 378 179 354 384 556 312 734 530 725 494
91 320 360 720 624 250 252 1046 889 913 203 403 40 617 416 993 432 556 734 900 1099 731 529 595 693 836 215 1126
911 544 833 482 969 924 810 577 106 312 638 564 800 210 709 657 406 274 87 187 701 627 699 410 933 803 608 838
852 697 469 587 211 618 578 763 1038 871 735 587 861 984 460 620 776 852 1020 973 706 443 391 649 146 311 854 604
526 230 545 494 759 582 486 765 472 557 278 324 412 182 466 771 139 165 303 504 857 591 519 346 767 759 220 942
746 644 377 616 113 507 483 837 1056 910 663 546 767 963 403 701 741 833 1015 1000 796 484 365 649 132 391 784 710
909 528 803 423 925 905 789 511 71 246 629 534 802 232 674 590 393 263 119 128 634 569 655 364 884 743 612 771
821 446 733 406 874 826 712 553 162 298 544 464 713 146 610 613 309 178 61 205 670 549 604 318 842 727 522 795
106 344 282 712 537 144 179 1041 936 934 238 397 150 682 369 974 474 604 794 937 1082 702 483 603 616 786 295 1093
946 556 817 402 923 928 810 458 50 193 662 549 841 287 683 545 425 299 177 68 583 548 654 365 875 717 653 724
665 332 645 466 831 705 600 689 338 455 406 393 552 43 544 720 200 111 163 381 794 587 571 332 821 765 359 899
1200 834 865 429 762 1042 937 213 700 472 942 729 1141 856 741 145 796 764 805 608 85 404 631 577 657 382 1017 84
1012 647 686 248 612 861 753 202 598 379 754 541 953 702 557 63 616 598 669 511 170 219 450 398 515 251 831 200
174 299 215 649 475 110 110 977 895 880 205 337 188 653 300 907 434 566 760 890 1015 633 413 546 550 716 288 1024
1095 691 850 328 858 1004 885 141 356 139 808 625 1010 572 707 270 600 518 491 264 270 428 629 418 777 542 845 427
1278 891 970 483 897 1143 1031 169 639 421 1005 799 1208 844 837 226 829 772 772 547 119 503 734 619 796 523 1065 241
1109 717 820 313 781 987 872 21 497 269 832 630 1036 674 681 128 652 596 611 404 121 360 586 443 689 431 889 275
1057 707 713 320 608 891 788 254 680 458 809 595 1004 782 592 107 686 675 751 592 177 260 481 469 504 230 892 134
537 264 577 527 795 606 514 791 478 577 303 360 422 179 502 802 176 189 302 516 886 627 556 380 804 796 231 975
659 304 612 416 789 682 574 647 327 421 389 354 549 72 505 673 167 61 168 358 749 538 526 283 776 715 357 851
748 346 524 108 599 664 544 388 375 270 462 279 665 364 382 377 276 250 363 325 467 243 334 70 550 423 512 549
614 487 230 508 47 384 338 772 928 804 507 392 622 814 246 650 587 686 873 880 754 396 224 515 113 363 627 700
766 378 654 333 790 754 638 518 218 284 482 385 662 158 528 560 245 120 135 228 627 471 520 235 758 651 475 742
1031 627 790 269 807 942 822 163 331 103 744 561 946 521 646 262 538 460 448 238 287 379 572 354 730 506 782 434
1069 723 722 339 610 900 799 269 700 478 824 610 1019 802 603 123 704 695 772 611 183 274 491 487 505 231 909 120
971 566 735 219 764 884 764 205 311 93 683 502 885 471 592 275 477 403 407 222 321 342 522 294 692 484 721 455
501 399 117 509 149 275 225 803 896 797 403 322 509 749 171 695 514 625 819 858 803 423 206 482 221 436 524 769
1329 952 1004 542 906 1180 1072 253 734 513 1063 853 1265 930 876 263 900 852 863 642 158 538 769 685 800 526 1130 205
371 154 162 435 390 258 138 763 718 676 163 129 326 521 116 695 284 408 609 701 802 425 223 339 426 530 283 819
794 615 406 505 169 566 513 702 955 793 658 502 794 896 380 563 690 765 933 892 656 364 306 563 71 252 776 570
620 502 239 525 30 387 347 787 947 822 520 409 631 832 262 664 604 703 891 898 768 412 243 533 115 374 640 710
114 300 292 683 555 184 184 1011 887 893 188 365 106 628 358 950 425 553 741 891 1057 683 472 566 626 779 238 1076
620 407 237 381 169 415 335 655 804 677 454 297 603 706 175 541 489 575 756 754 648 275 107 393 145 282 570 613
1091 760 731 393 595 911 815 334 768 547 857 644 1047 861 622 192 752 751 836 680 236 307 508 538 487 219 947 119
855 648 466 487 241 631 571 653 940 766 702 531 848 906 423 510 711 775 933 872 598 342 334 564 137 201 817 503
759 353 585 209 690 708 588 429 284 241 469 322 665 270 449 449 248 174 258 251 526 348 420 130 649 527 493 628
587 389 204 397 164 382 302 680 810 691 429 284 573 700 151 570 478 570 755 763 677 300 106 397 163 316 547 645
186 324 203 661 457 78 106 988 920 898 235 353 215 682 302 914 460 592 788 913 1022 638 414 563 536 713 321 1026
571 271 587 498 795 628 530 754 436 536 324 356 457 139 502 769 164 151 262 473 851 604 548 353 798 776 265 943
943 778 560 631 301 708 668 771 1084 904 821 665 951 1050 544 624 850 919 1078 1014 700 485 468 709 231 329 940 582
369 47 327 456 559 367 266 775 620 631 79 165 277 378 271 739 158 289 483 623 840 499 353 320 585 640 140 888
55 373 399 773 660 271 292 1099 936 964 256 456 64 659 464 1046 482 603 778 949 1152 783 578 648 734 885 256 1178
734 476 357 326 243 536 450 559 774 619 542 356 709 724 271 434 530 593 755 713 538 192 165 384 158 161 653 493
491 424 121 549 151 257 225 843 933 837 418 354 507 779 204 733 543 657 853 896 841 462 246 520 239 469 537 804
780 416 475 83 472 643 529 363 535 374 521 308 720 537 337 284 402 415 541 469 391 65 244 194 402 244 602 424
472 278 117 407 255 290 191 721 770 685 305 191 450 618 40 629 385 494 689 736 739 351 120 359 285 417 424 730
856 495 790 471 938 875 764 599 155 337 586 523 745 154 670 668 357 226 31 224 720 614 668 384 908 792 552 850
743 387 434 109 438 602 490 403 555 406 488 274 685 535 296 322 383 409 548 494 430 70 203 188 374 244 573 455
777 373 556 115 627 696 576 366 350 238 490 310 692 362 414 365 296 255 350 296 450 258 364 100 576 436 535 541
36 395 356 777 607 206 254 1106 978 989 281 460 131 711 442 1043 517 644 827 984 1150 772 556 662 688 860 311 1165
330 95 341 505 584 356 266 823 652 674 52 211 232 396 303 788 192 319 506 660 889 547 393 367 617 684 95 936
753 505 372 352 233 549 468 572 802 642 568 385 731 755 294 442 560 624 785 739 544 214 192 415 139 153 680 490
875 677 486 518 252 649 593 676 971 795 729 561 872 938 450 531 742 807 965 902 617 372 364 596 153 225 845 515
244 163 264 555 525 248 171 882 754 757 57 239 173 505 272 830 291 422 614 755 935 570 380 433 575 685 156 965
178 270 392 679 657 318 287 1001 812 850 158 371 63 532 417 960 363 480 651 828 1063 708 524 545 715 829 129 1102
619 250 354 179 439 504 385 508 536 441 353 141 553 444 211 449 258 313 484 494 554 204 169 121 408 362 436 591
1079 678 819 296 813 977 859 94 396 171 795 604 998 591 676 214 596 525 519 304 222 383 593 402 729 489 839 375
947 548 792 351 883 913 794 398 106 133 658 528 845 320 655 483 424 307 223 45 522 496 617 332 830 662 661 663
1156 767 858 360 805 1027 914 54 545 319 882 677 1085 728 721 132 705 651 664 452 78 393 623 495 709 443 940 241
692 345 381 151 400 548 436 457 579 445 442 229 637 530 242 374 358 401 555 524 483 108 152 186 346 261 532 502
583 331 224 325 244 402 304 623 730 616 388 217 554 624 116 522 407 493 676 685 631 245 26 316 227 305 502 617
677 589 310 599 58 437 416 844 1029 896 601 497 698 919 349 713 692 791 977 978 812 477 328 617 135 409 721 739
812 595 423 443 219 593 527 629 895 726 651 478 801 854 372 489 658 723 883 829 583 299 281 513 109 179 766 501
334 87 335 496 577 354 261 816 649 668 52 202 238 396 295 779 188 316 505 656 880 538 384 360 609 675 104 928
384 44 341 448 569 384 282 765 604 617 95 165 290 361 279 731 141 272 465 607 832 496 357 309 592 640 143 883
878 472 674 199 739 811 690 314 256 123 588 423 787 364 532 361 373 292 312 187 423 344 480 213 681 510 618 544
283 357 127 635 360 52 87 957 940 894 295 351 316 727 257 869 495 624 824 924 979 591 360 558 445 644 398 967
228 192 340 600 601 301 242 923 752 778 79 292 128 484 346 880 295 419 600 763 983 629 450 468 651 753 96 1023
893 515 592 109 570 760 646 246 502 306 625 415 827 570 454 176 478 461 547 423 280 140 359 259 488 270 697 339
831 746 472 701 213 589 577 900 1147 992 762 647 858 1063 504 758 842 933 1112 1087 847 564 464 744 221 447 883 745
762 480 393 285 294 573 481 508 736 574 555 358 730 703 293 383 520 573 726 672 488 145 181 358 207 126 661 449
297 192 151 512 410 191 77 840 780 748 147 202 265 563 174 771 330 460 660 767 879 500 288 412 463 594 266 892
620 563 267 618 77 379 368 879 1035 914 564 481 648 907 330 753 675 781 972 988 855 504 330 620 183 456 684 790
586 470 204 514 64 355 312 787 928 809 485 380 596 804 231 667 575 677 866 882 773 408 223 513 141 386 606 722
1218 824 931 422 885 1098 983 94 538 322 939 739 1143 751 793 213 751 685 675 447 139 470 697 548 790 524 991 299
485 490 174 640 187 243 255 932 1019 927 466 433 522 854 288 819 617 735 933 985 926 551 337 609 293 545 582 881
1178 796 866 386 796 1039 928 110 601 374 909 701 1111 777 734 122 742 695 717 509 25 399 631 528 696 425 973 188
141 283 367 688 632 280 260 1013 842 871 166 375 36 567 405 966 387 509 685 855 1070 708 515 559 695 822 165 1103
766 408 709 439 869 788 677 616 229 367 496 444 655 73 594 666 270 142 60 278 729 575 601 329 846 754 463 848
580 191 487 337 660 570 457 617 405 432 294 225 479 201 376 615 57 80 280 410 704 438 400 189 650 611 300 785
622 457 233 454 95 401 339 719 877 750 489 355 619 772 216 599 550 642 826 828 704 342 176 465 103 319 608 655
1334 958 1007 548 908 1184 1076 260 741 520 1069 858 1270 937 880 268 906 858 870 649 164 543 773 691 802 528 1136 205
738 536 350 434 158 519 454 655 880 726 585 422 730 815 306 523 609 684 853 820 622 298 225 483 55 221 702 555
758 462 396 255 317 576 479 486 706 544 542 340 721 675 288 366 496 545 696 642 473 117 173 329 234 135 645 443
804 457 475 142 437 649 541 372 594 422 556 343 750 600 345 270 456 477 604 525 379 8 239 255 358 181 644 388
618 275 588 435 776 650 544 680 370 460 353 338 508 96 488 700 144 79 207 401 779 549 519 294 769 725 315 876
990 601 861 435 962 973 855 461 31 198 706 593 885 322 726 558 469 343 207 62 588 580 695 407 912 746 696 735
1019 621 750 229 744 910 793 114 408 182 737 541 940 567 608 179 548 489 508 317 221 313 523 345 661 427 788 355
654 297 363 159 416 523 407 481 557 441 397 183 594 487 221 410 309 357 519 508 518 155 152 149 374 311 484 546
1306 926 986 516 897 1161 1052 219 698 478 1038 829 1240 896 857 242 870 820 828 606 134 520 751 657 793 519 1103 210
1220 867 872 470 748 1051 951 285 769 540 971 758 1168 913 755 196 839 815 867 676 157 423 642 620 640 370 1052 33
1014 610 830 347 893 962 842 319 172 62 724 574 917 411 689 422 495 387 316 80 446 484 637 368 830 637 737 595
878 546 530 219 445 708 606 360 658 467 640 428 831 687 410 231 548 566 685 582 336 95 298 345 350 109 733 313
567 345 195 365 210 374 283 660 768 656 391 237 545 653 112 557 431 523 709 724 666 281 64 354 207 324 507 645
701 378 365 195 352 540 433 478 634 491 466 258 654 585 237 379 406 456 612 576 489 101 130 242 291 217 564 489
1181 784 903 388 871 1068 951 69 489 272 900 703 1103 701 763 212 707 638 625 397 162 448 672 507 779 520 948 326
561 176 476 352 657 555 443 636 423 453 276 219 459 207 370 632 39 93 293 429 721 449 400 203 650 619 279 801
908 812 547 737 284 666 652 912 1188 1023 834 710 934 1120 571 766 903 989 1163 1124 848 595 521 793 271 461 955 735
109 343 279 710 534 141 176 1039 935 932 237 395 152 681 366 971 473 603 793 936 1079 699 480 601 612 783 295 1090
746 341 577 214 686 697 578 441 290 254 456 312 652 261 441 460 234 162 255 261 538 351 416 125 647 531 480 638
412 19 335 413 552 395 287 731 583 588 122 136 321 354 260 697 123 254 452 583 797 462 331 276 570 608 178 848
525 176 491 420 692 548 444 701 455 509 252 253 418 197 400 700 62 124 304 473 789 513 445 270 695 681 230 868
790 425 720 426 873 805 693 590 200 339 517 453 680 104 602 645 286 156 46 247 705 565 603 325 846 744 488 827
365 166 437 549 681 439 358 854 624 678 142 287 252 343 396 834 193 296 462 645 931 611 479 403 710 760 59 992
1037 755 657 455 474 834 753 489 880 671 836 634 1010 925 573 341 777 803 920 798 402 327 461 582 364 159 939 276
688 420 319 298 251 499 406 558 738 594 488 300 658 673 220 443 475 542 709 680 551 180 110 338 188 201 597 521
667 562 293 566 29 430 400 813 996 862 578 467 684 889 321 683 663 760 945 944 784 444 295 584 108 382 699 714
1056 735 691 385 548 871 778 367 781 564 828 617 1015 857 586 220 735 742 838 695 279 284 472 526 439 175 922 168
1096 735 761 335 666 938 833 205 657 431 841 628 1039 782 636 70 704 682 742 567 117 299 527 485 563 289 919 115
802 472 782 531 955 847 742 692 254 434 548 523 688 101 674 751 337 221 82 325 809 668 689 422 935 847 496 933
988 585 812 340 883 941 821 339 152 75 699 554 890 382 671 436 468 359 287 60 466 480 624 349 823 638 709 612
757 518 373 371 221 550 472 587 821 661 579 399 738 772 303 456 576 642 803 758 557 232 204 433 123 160 692 497
821 662 436 560 181 587 544 749 1010 847 700 553 828 951 425 607 742 820 989 947 697 419 357 618 111 296 820 602
1071 666 832 311 847 984 864 161 331 111 783 603 984 543 689 280 573 490 463 239 289 418 614 395 769 540 818 444
593 191 466 292 625 563 447 580 407 409 303 198 497 237 347 572 82 107 301 401 663 391 361 143 611 564 326 741
834 505 814 550 984 880 775 696 243 435 581 554 720 134 705 762 370 252 88 320 816 689 717 446 963 869 528 944
786 679 416 633 152 546 523 841 1077 925 701 579 806 993 438 701 773 863 1041 1018 794 497 394 674 151 390 822 701
831 429 596 105 647 742 622 309 348 201 545 360 748 404 453 315 353 306 377 282 396 250 391 153 586 420 592 494
867 465 705 281 800 826 707 397 174 155 577 441 768 282 568 457 346 239 217 132 513 427 533 246 751 599 588 639
860 462 607 91 639 761 641 270 378 205 578 384 781 450 464 269 394 352 420 304 351 226 393 186 572 388 630 447
736 332 524 132 610 660 539 406 363 274 449 272 651 340 383 400 256 226 342 318 488 265 342 62 565 444 494 573
571 165 410 263 562 519 400 572 455 429 282 140 483 301 286 548 109 171 362 439 644 344 298 117 547 512 328 710
464 96 412 410 620 470 364 713 518 545 181 187 364 276 328 694 58 185 378 526 790 482 384 262 630 641 189 855
805 461 474 150 432 648 541 376 602 429 559 346 753 607 344 271 462 484 612 533 381 8 238 262 352 173 648 386
929 540 645 132 635 809 693 196 450 244 654 450 857 548 505 170 486 450 513 367 257 205 416 270 555 334 716 348
1245 889 899 489 776 1078 976 285 773 545 994 780 1191 925 780 210 857 831 877 681 156 448 668 639 667 398 1073 61
1294 921 965 511 864 1142 1035 238 726 503 1031 820 1232 911 838 229 872 829 849 634 129 501 730 656 758 484 1100 164
865 506 543 136 500 716 607 305 569 380 610 396 808 609 411 203 489 492 600 493 312 76 307 276 415 198 692 334
845 454 574 51 591 732 615 279 430 255 568 366 772 483 431 249 402 376 463 357 342 174 352 185 521 337 630 421
659 447 273 390 158 450 374 648 823 686 496 335 645 738 217 528 525 607 783 769 633 272 140 416 110 254 612 588
1266 879 960 471 890 1132 1020 156 627 408 993 788 1196 831 826 217 816 759 760 535 112 493 724 607 789 516 1052 242
