2
5
8
20
230
100000
20000
100
40
300
0 1 
0 1 
0 1 
0 1 
0 1 
0 1 
0 1 
0 1 
1760 14800 2480 31720 24120 1640 19880
14720 22720 11840 23320 24840 13880 9840
37880 25000 39760 32480 18800 38120 36960
23640 16320 23880 12360 5080 23400 14760
14880 14520 14120 15880 12960 14360 6920
36360 27280 36720 15440 14560 36160 25440
3720 9320 6480 29720 19640 4200 19560
42760 30160 44440 33200 22120 42960 39640
33720 22080 35000 23120 11800 33760 28880
37360 25480 38720 25800 15560 37440 32440
27360 14800 30000 35200 17760 27880 33920
28040 16320 30880 38800 21320 28640 36600
25960 15680 29000 40560 23280 26640 36880
25720 19200 28920 46200 29600 26520 40360
25840 23560 24800 5040 15320 25320 8680
15040 5600 16440 21880 7840 15120 17240
35720 32720 34560 5240 22400 35160 17480
33160 27560 32680 5640 15840 32760 17960
20600 8880 22200 22400 5120 20760 21160
31240 18440 33800 36120 19080 31720 36280
405 402 458 500 785 816 815 830 798 616 748 265 401 320 737 763 512 578 830 922 972 1120 153 519 170 82 516 848
435 462 520 428 660 18 853 232 1116 1205 124 668 909 546 982 93 323 255 476 547 659 865 908 712 976 780 567 382
662 782 529 622 617 1031 514 928 322 155 930 423 147 732 329 1020 758 852 783 836 823 881 368 366 605 585 496 858
729 896 534 611 370 972 184 801 151 465 865 573 401 881 52 995 784 872 581 592 536 532 674 326 920 833 451 681
278 347 354 261 539 149 720 200 962 1038 66 503 742 423 830 152 170 137 388 477 583 790 748 552 835 638 406 318
389 382 511 419 705 101 889 309 1130 1188 167 633 889 468 999 18 280 194 539 618 729 937 859 716 905 711 572 453
277 344 289 341 616 695 659 680 689 582 615 95 310 284 607 655 389 470 661 752 801 952 196 359 340 189 346 684
507 673 361 353 140 526 340 318 658 872 431 553 634 710 523 579 483 535 72 111 165 360 797 374 987 816 303 176
762 934 563 632 335 966 135 781 225 557 861 631 485 927 144 997 805 889 548 543 475 447 754 369 998 900 475 651
525 679 349 440 380 840 305 711 293 381 734 337 178 653 199 843 601 694 548 598 587 663 438 146 682 589 290 628
740 911 570 583 218 754 290 536 618 913 666 738 738 940 504 815 725 780 294 223 113 120 954 500 1169 1016 492 385
440 594 332 295 241 413 441 207 744 924 318 534 663 641 607 467 396 437 58 156 254 460 790 409 958 777 301 84
451 567 419 348 416 261 616 41 914 1070 191 615 793 632 777 333 368 369 212 274 386 592 875 553 1008 815 422 111
529 688 347 435 349 829 271 693 287 408 723 354 213 666 180 836 600 692 522 569 555 629 469 136 711 613 280 605
207 378 107 52 338 406 486 312 701 785 302 303 495 410 571 412 209 288 293 391 466 653 563 288 715 532 143 302
736 866 587 680 617 1087 485 967 239 139 983 506 231 821 280 1083 827 922 801 843 817 851 468 400 705 683 541 884
742 904 551 633 418 1005 239 841 100 412 898 570 374 884 41 1023 804 894 627 642 590 588 650 339 897 820 473 725
445 480 520 429 646 31 840 211 1109 1206 120 675 911 564 974 118 334 271 458 526 638 844 918 709 992 795 564 362
428 593 293 275 181 464 378 269 675 857 364 491 601 631 538 510 402 456 81 171 245 441 742 344 921 746 247 153
505 491 554 600 870 914 885 931 835 611 848 356 440 406 788 859 612 675 925 1016 1062 1203 166 595 84 156 607 947
747 909 556 637 421 1009 240 844 97 413 902 575 379 889 46 1028 808 899 630 645 592 588 654 343 901 825 478 729
210 215 317 331 673 616 749 642 816 720 550 191 447 147 725 562 314 378 675 772 838 1007 303 453 352 156 397 677
297 310 361 396 702 710 753 723 778 646 640 185 391 235 701 659 405 474 731 825 881 1038 208 453 272 97 428 744
509 651 422 376 309 396 509 176 825 1018 318 625 760 706 688 464 449 473 97 139 251 457 882 504 1044 859 397 32
352 494 214 305 427 714 437 628 482 473 615 147 177 464 386 702 442 536 529 605 629 754 312 143 535 413 204 583
770 946 585 616 231 839 208 626 516 830 745 730 686 965 413 893 773 837 377 326 224 160 924 472 1151 1012 499 477
61 236 138 106 482 436 602 419 759 770 350 214 471 254 642 408 141 234 450 549 624 807 460 344 576 385 227 447
446 452 484 533 798 861 816 868 778 578 790 284 382 370 725 810 556 625 855 945 990 1131 116 524 154 131 536 878
875 1048 698 719 340 893 339 673 629 955 807 855 819 1074 537 956 866 922 435 358 246 58 1054 601 1279 1136 616 523
765 902 606 698 603 1102 457 972 186 176 997 542 273 860 245 1102 852 946 794 830 797 819 521 409 759 732 553 881
304 366 380 287 554 122 738 192 985 1065 46 530 769 443 852 133 195 153 395 481 589 797 775 576 859 662 431 319
542 674 401 493 508 903 436 799 340 285 801 314 58 632 293 894 635 729 661 720 717 796 333 241 580 519 367 733
185 39 384 331 716 415 848 515 994 954 383 388 665 125 883 343 186 183 640 739 830 1026 555 586 564 374 473 603
440 541 433 355 467 206 666 18 957 1099 146 622 817 611 820 281 348 336 267 330 442 648 881 584 1001 806 448 167
536 709 363 379 46 611 244 410 565 796 512 538 576 735 431 658 531 594 168 181 175 327 766 321 971 813 288 272
168 158 309 306 667 562 758 600 848 770 500 221 490 99 751 506 264 323 651 750 822 999 360 468 401 204 394 645
403 539 344 282 340 311 538 109 830 985 220 543 710 597 692 369 338 361 152 235 343 551 803 467 949 760 339 80
398 469 365 435 644 813 648 778 616 464 727 168 220 405 556 777 509 593 726 809 843 972 97 361 321 245 397 764
213 198 335 343 692 611 772 646 841 743 549 216 471 125 750 555 313 372 688 786 854 1026 320 476 352 155 416 687
338 413 388 297 526 122 715 141 975 1073 16 552 779 489 841 165 232 203 356 438 547 755 802 574 898 701 429 274
410 561 246 338 381 746 368 638 411 445 643 222 169 536 311 742 491 585 510 577 589 698 369 93 601 488 206 576
393 308 521 531 875 756 941 821 968 805 709 372 576 223 894 688 478 517 876 974 1041 1211 342 641 233 112 599 871
291 330 332 375 665 709 711 709 735 610 634 145 349 261 657 663 403 477 703 796 848 1002 190 411 296 137 394 722
575 675 478 566 646 970 583 894 450 249 874 330 106 617 430 948 680 771 784 850 856 943 230 365 468 451 468 846
125 212 259 176 542 293 695 331 891 921 222 364 623 276 767 257 14 86 446 545 639 838 599 472 679 482 336 408
230 270 350 260 586 191 756 282 977 1024 142 470 725 349 848 151 118 57 454 547 650 856 703 559 772 575 417 392
391 335 497 517 845 777 899 824 912 741 722 331 517 248 842 713 487 536 860 957 1019 1181 278 599 190 53 570 864
594 690 500 587 669 991 603 917 459 239 895 348 129 630 446 968 699 790 807 873 878 964 231 388 464 457 491 869
667 805 509 601 533 1006 411 882 219 219 902 446 186 766 218 1005 753 848 714 758 735 779 450 316 695 650 459 798
855 1026 682 698 326 860 347 640 649 969 775 844 822 1055 551 924 841 895 405 325 213 24 1051 596 1272 1125 602 490
674 850 487 521 137 769 147 563 481 769 670 633 602 868 362 817 681 749 314 286 209 237 831 377 1055 914 401 418
807 978 637 650 284 809 330 589 646 955 724 804 794 1008 541 872 791 844 353 274 162 53 1016 561 1234 1083 559 439
414 374 500 530 841 810 884 846 881 698 750 322 484 288 816 749 514 569 869 964 1021 1178 234 586 152 47 568 878
682 795 558 649 657 1059 554 961 352 130 959 440 168 741 368 1045 781 874 821 875 863 922 359 402 589 582 529 894
466 643 272 320 110 643 204 471 467 660 537 415 432 654 330 672 491 570 272 317 318 441 629 178 844 697 183 362
525 474 609 641 943 917 973 958 939 718 860 422 543 387 887 853 624 676 979 1073 1127 1278 270 678 60 159 672 990
333 479 192 283 414 692 435 606 494 495 592 140 199 452 395 680 422 516 510 587 615 744 325 137 542 413 184 562
253 161 410 402 768 607 859 674 935 829 560 310 563 75 844 541 330 367 745 845 920 1099 389 566 364 179 496 732
264 238 419 335 678 217 844 362 1051 1075 212 510 777 324 926 142 167 74 547 639 743 949 723 632 761 567 494 482
804 946 636 726 594 1125 433 985 129 228 1019 589 327 909 218 1130 885 979 794 822 781 787 583 430 823 791 576 885
515 505 557 606 869 926 881 939 824 596 858 358 431 421 779 871 623 688 929 1019 1063 1201 155 592 91 171 609 952
82 258 119 80 458 428 582 400 747 769 339 222 471 279 627 406 144 238 425 524 598 782 474 330 597 407 208 423
756 918 566 648 433 1020 252 856 85 406 913 582 381 897 56 1039 818 909 643 657 604 598 656 353 903 830 488 741
607 753 441 533 463 936 354 809 234 290 831 398 168 719 186 937 689 783 641 686 667 721 443 243 690 625 387 724
720 874 539 627 468 1016 309 867 100 323 909 527 302 846 96 1027 792 885 669 696 655 670 576 327 823 760 470 763
610 782 437 453 89 663 235 453 570 828 567 607 627 809 441 715 602 662 204 177 126 253 829 378 1040 884 359 307
642 792 469 559 454 957 328 821 188 301 852 440 215 761 143 962 720 814 642 681 654 696 491 263 737 672 408 729
448 616 297 292 138 506 335 312 636 828 405 489 580 650 499 550 431 490 101 172 227 414 734 320 922 752 239 189
385 544 272 237 237 407 430 222 717 879 306 474 612 587 579 451 350 399 108 207 295 495 731 361 898 717 245 133
89 263 110 91 458 451 575 420 731 747 361 200 449 277 614 428 164 258 436 534 605 785 452 316 579 392 200 438
265 358 246 306 564 678 607 648 648 565 592 45 280 309 561 644 375 461 616 706 752 900 221 308 389 241 297 644
267 439 131 110 278 432 433 306 666 777 325 334 495 469 533 449 266 341 243 339 408 593 592 266 758 579 125 267
289 332 325 369 657 707 702 704 727 605 631 137 342 265 648 662 400 476 696 789 840 993 189 402 303 146 386 716
310 281 459 372 701 187 873 357 1089 1120 204 556 822 367 963 103 210 116 559 647 754 961 770 671 805 613 531 487
350 526 169 197 190 525 331 374 573 716 419 352 451 545 438 548 365 442 232 312 355 521 595 198 786 621 100 294
389 481 330 406 592 796 592 748 568 443 706 145 176 424 503 767 497 586 682 763 793 919 147 308 377 290 353 725
351 325 439 466 782 752 833 783 848 690 690 266 455 240 776 694 453 512 806 901 960 1119 231 534 211 16 508 814
731 861 583 676 616 1083 486 964 243 139 980 501 226 815 282 1079 823 917 799 841 816 852 462 397 699 677 538 882
588 749 401 487 349 873 235 726 230 404 766 417 256 729 117 885 655 746 539 575 549 602 523 188 767 675 329 628
489 661 324 332 84 562 283 364 593 804 461 507 570 690 457 606 480 542 134 175 199 371 743 310 941 777 255 234
677 827 502 592 470 988 330 848 154 294 882 475 244 796 131 994 754 847 663 697 665 697 519 294 765 704 439 752
433 492 483 394 584 79 780 145 1055 1167 89 650 875 572 920 165 325 278 393 460 572 778 900 662 990 792 519 296
593 769 395 455 172 784 71 605 346 599 679 498 429 770 212 815 628 710 382 398 357 410 670 229 903 778 305 482
351 507 256 209 274 372 464 199 741 888 268 459 614 552 604 412 310 358 143 243 335 536 717 370 876 692 243 142
386 537 224 317 383 726 382 623 435 463 623 200 180 512 334 720 468 562 503 572 589 705 360 94 588 470 191 565
161 330 115 23 387 386 532 320 735 800 286 290 505 364 608 383 162 246 334 433 512 701 549 318 686 499 176 331
771 936 577 655 411 1017 220 845 119 456 910 609 422 920 75 1039 828 916 623 631 571 554 697 367 944 864 495 724
667 844 476 516 142 785 106 583 440 728 684 611 567 857 320 829 681 753 337 319 248 272 801 350 1029 893 387 442
723 866 556 647 536 1047 392 912 153 235 941 509 255 830 183 1050 805 899 729 764 731 756 520 352 764 720 497 818
469 645 281 318 81 619 219 440 501 700 514 438 470 662 363 652 484 559 233 277 282 417 660 213 870 717 196 325
424 547 386 317 391 271 590 57 884 1037 190 583 760 610 747 337 347 355 193 264 376 583 843 520 979 787 389 99
409 456 405 467 700 827 710 809 676 503 747 203 279 384 619 786 521 600 772 859 897 1031 64 421 259 193 446 804
542 581 527 595 793 961 774 938 680 440 880 328 299 504 649 919 654 733 886 968 997 1115 69 506 240 278 557 925
67 242 132 104 478 441 597 421 752 763 354 209 465 258 635 414 147 241 449 547 621 803 456 337 574 384 222 447
651 811 512 499 232 598 394 378 730 984 518 704 767 854 602 665 615 655 161 65 55 255 945 509 1138 967 453 229
819 958 656 747 628 1149 469 1013 164 197 1043 598 330 917 254 1151 904 998 826 856 816 824 576 454 813 789 599 916
554 653 458 545 635 949 578 875 458 271 854 308 96 596 432 927 659 750 769 836 844 936 215 352 457 433 451 829
430 480 419 484 706 848 709 826 663 481 767 217 266 408 610 808 542 622 784 869 904 1035 43 424 262 213 456 818
453 623 258 339 253 721 242 578 380 519 614 327 286 614 252 733 510 600 410 463 462 564 503 57 732 606 179 490
769 941 570 636 331 965 130 778 242 576 860 642 501 936 163 998 810 893 542 534 463 430 770 378 1014 913 481 646
582 516 674 703 1011 963 1042 1015 1003 770 911 490 608 430 954 896 677 722 1043 1138 1194 1347 333 747 94 220 740 1051
677 821 511 603 508 1004 376 873 182 249 899 465 216 785 178 1007 760 854 696 735 707 744 486 310 731 680 455 782
311 396 284 349 587 724 616 691 631 527 638 82 251 341 553 690 421 507 651 738 780 921 178 318 364 236 327 683
435 592 259 350 351 754 328 635 382 448 649 260 190 570 276 754 510 603 492 554 560 662 407 71 641 528 206 563
488 532 475 542 751 907 741 884 670 456 826 275 278 458 628 866 601 680 837 920 952 1076 15 465 244 243 508 874
413 337 532 547 883 784 943 843 959 786 735 374 564 251 888 717 502 544 891 989 1054 1220 322 643 201 100 608 890
464 608 376 329 294 379 494 163 802 983 292 579 720 661 665 441 407 435 86 160 270 477 837 467 997 812 354 25
827 977 651 740 573 1130 399 980 72 291 1024 623 373 943 189 1141 904 997 779 799 750 743 636 440 879 838 584 874
314 294 406 431 753 716 810 747 837 695 653 241 448 211 760 659 417 477 772 867 927 1089 243 510 248 52 478 778
746 896 570 659 513 1052 354 907 97 284 946 543 302 864 140 1061 822 915 713 741 700 713 572 360 817 765 505 806
226 251 358 270 605 203 773 304 987 1027 163 469 728 332 860 153 116 38 476 569 672 877 697 569 759 562 429 415
51 187 192 174 546 470 656 477 789 768 393 199 472 190 678 430 163 246 519 618 692 873 422 382 516 322 282 513
266 436 145 111 286 414 447 287 684 796 307 348 513 469 551 432 257 329 235 332 406 594 606 285 768 588 144 253
419 537 390 318 409 252 607 40 899 1047 172 585 768 602 762 318 338 342 212 283 395 602 845 530 977 784 397 118
334 395 333 391 643 752 670 733 671 539 671 131 281 330 600 712 446 527 703 791 835 977 139 373 308 188 381 731
513 621 410 498 589 904 541 827 447 302 807 268 57 568 407 883 616 708 720 788 798 894 221 304 468 423 402 780
292 463 152 135 256 439 416 301 659 781 332 354 503 494 524 460 288 360 220 315 383 568 610 266 780 603 132 251
299 236 427 435 783 677 856 729 905 774 623 291 521 149 822 613 389 436 780 878 946 1118 323 558 288 103 507 776
264 435 72 162 327 568 408 469 560 621 465 196 332 433 439 566 325 418 383 468 510 664 440 141 630 471 55 428
168 255 273 184 526 252 689 285 901 948 176 399 650 323 774 226 61 86 415 512 610 812 640 483 726 529 342 369
532 583 504 575 759 949 736 918 641 409 866 308 260 510 609 911 644 725 858 938 964 1079 65 471 276 295 528 900
145 45 338 302 685 467 803 538 929 877 420 314 590 69 822 403 195 227 633 733 816 1005 476 529 497 304 428 608
869 996 721 813 727 1220 574 1096 267 124 1116 636 359 947 359 1217 961 1055 919 954 919 930 569 530 791 794 673 1007
348 451 357 273 455 189 647 87 918 1035 91 538 746 520 782 240 256 252 281 363 472 680 795 526 910 715 384 201
427 596 279 272 154 490 348 301 642 826 389 474 573 630 505 533 410 470 107 186 246 434 721 314 906 735 226 186
618 740 486 578 586 988 494 887 334 199 887 381 104 691 323 976 714 808 747 802 794 861 341 327 583 551 455 820
265 422 116 207 392 616 447 534 552 571 516 128 275 405 442 604 348 442 458 542 581 727 365 153 560 409 129 501
408 341 519 538 869 787 924 840 937 763 735 356 542 255 867 721 500 546 881 978 1041 1205 299 625 188 78 593 882
79 154 236 219 591 488 697 512 819 780 419 211 488 145 712 441 183 255 563 663 737 919 410 419 484 288 325 555
234 170 381 378 739 607 826 662 900 797 554 275 529 85 809 544 320 366 723 822 894 1071 362 532 357 165 465 714
825 974 650 739 577 1131 404 982 80 282 1025 619 368 940 193 1140 902 996 782 804 756 750 630 440 872 832 584 877
551 529 603 649 918 958 930 979 868 629 894 405 477 443 827 901 658 719 975 1066 1111 1251 202 642 47 194 657 996
193 197 310 319 667 597 748 626 823 734 532 197 458 132 730 544 296 359 664 762 829 1001 321 454 369 173 392 664
722 898 535 569 184 809 163 600 485 788 712 677 636 916 375 859 728 795 350 311 222 205 871 419 1098 960 448 453
323 499 125 189 242 567 340 437 535 646 460 280 373 506 405 578 363 450 313 391 427 579 516 130 714 556 35 371
577 739 436 424 181 553 366 335 696 931 465 629 702 780 564 614 545 590 95 46 100 307 872 443 1063 892 379 184
182 104 374 308 686 346 831 453 999 983 317 413 689 190 882 276 143 117 594 692 787 986 603 584 627 435 460 549
387 470 415 328 511 136 706 90 980 1096 64 590 806 545 844 202 285 260 326 400 512 719 845 588 949 752 446 235
427 351 545 561 896 798 953 858 965 787 749 385 569 265 896 731 517 558 905 1002 1067 1232 323 653 191 107 620 904
811 937 664 756 683 1164 540 1043 254 104 1060 578 301 889 327 1159 903 997 871 910 879 901 518 476 746 741 618 957
299 199 451 446 809 648 895 719 960 837 603 338 580 114 872 579 375 409 790 890 963 1141 387 600 333 162 536 778
889 1017 739 831 736 1237 579 1111 265 143 1133 657 380 968 364 1235 980 1074 931 964 926 933 591 546 813 816 689 1019
545 702 365 454 367 849 280 714 271 388 744 363 204 678 171 856 618 710 542 588 573 641 467 155 710 618 300 626
581 648 525 605 746 993 702 945 576 328 905 343 218 579 558 960 691 777 863 938 954 1055 141 458 352 375 537 915
433 516 454 369 521 147 719 76 1003 1130 106 633 843 591 866 226 332 305 325 390 502 708 889 619 995 799 479 227
478 650 311 321 86 558 283 364 589 795 457 494 558 678 452 602 471 534 139 186 212 382 730 299 928 765 242 237
792 967 593 654 321 964 132 770 295 633 861 680 553 966 220 1002 826 906 528 510 430 379 819 413 1061 955 503 632
708 884 522 554 169 791 168 582 495 793 694 668 634 903 381 842 713 779 332 294 206 205 865 412 1090 950 436 435
788 956 626 632 282 767 360 547 684 984 685 801 809 990 573 833 765 814 319 232 123 86 1021 568 1233 1077 552 398
448 613 258 343 288 735 270 600 374 490 629 303 251 600 253 743 511 603 440 497 498 599 469 44 700 579 187 518
753 920 595 597 259 728 358 508 688 978 646 774 793 956 572 794 728 775 280 193 84 125 999 547 1207 1047 523 358
600 772 429 444 87 651 244 441 577 832 555 602 627 800 448 703 591 651 192 168 123 261 826 377 1035 878 353 295
871 1044 694 715 336 891 333 672 624 950 804 850 814 1070 531 953 862 918 433 357 244 61 1049 596 1274 1131 611 521
215 211 370 287 638 238 800 352 1003 1026 209 461 727 294 878 175 117 26 518 613 714 918 678 584 727 531 447 461
245 265 376 287 615 186 786 300 1004 1046 154 489 748 348 876 133 136 55 481 573 677 883 717 586 776 580 445 416
170 98 362 297 677 351 820 451 987 971 317 401 677 184 870 282 135 117 587 685 779 979 592 572 620 427 449 544
54 121 252 210 594 422 718 462 863 843 358 273 548 154 750 372 122 186 541 641 724 913 479 453 543 346 343 521
232 400 58 150 365 560 447 476 586 627 459 164 332 395 469 552 302 396 409 497 544 701 415 171 597 435 89 446
307 484 119 162 238 524 361 391 575 691 417 300 416 499 443 538 334 418 278 361 407 571 546 175 734 569 51 329
615 768 439 528 422 925 303 787 206 331 819 421 214 739 136 931 691 784 608 647 622 671 489 230 735 660 376 694
320 424 337 251 458 189 647 115 910 1018 84 514 728 492 775 230 228 226 293 380 487 695 770 513 883 687 370 220
283 447 110 203 354 612 412 517 533 576 510 166 285 436 418 606 357 450 427 508 545 689 398 123 598 448 98 475
628 758 483 576 553 984 451 873 286 209 882 398 126 714 274 977 720 814 722 773 759 818 384 308 628 588 443 799
267 440 68 150 306 551 399 445 567 642 447 221 356 444 443 552 319 410 356 441 485 643 467 149 655 493 31 401
445 553 351 437 563 840 538 771 487 370 745 200 93 502 430 817 550 641 677 751 770 880 197 274 441 372 353 731
672 845 497 516 141 720 229 507 564 845 626 661 661 871 443 775 665 725 258 212 126 195 876 421 1091 940 417 358
703 833 554 647 593 1054 469 936 246 159 951 473 199 789 270 1050 794 888 773 818 795 836 443 369 683 655 509 855
543 718 344 403 142 734 120 558 384 611 628 458 417 722 248 763 576 657 343 370 344 424 644 193 872 740 254 440
416 550 284 375 464 784 444 695 439 403 684 192 107 512 359 771 510 604 585 655 671 781 289 175 526 429 267 644
431 451 522 430 671 27 863 247 1123 1207 132 666 910 536 989 78 319 247 490 562 674 880 904 717 968 772 572 397
352 414 414 323 557 91 747 160 1006 1100 15 573 805 493 872 136 244 201 385 464 575 782 821 603 909 712 458 300
188 268 233 266 581 606 651 599 724 654 527 97 368 223 630 566 300 381 601 696 754 918 285 355 402 222 306 615
362 518 193 286 362 694 377 590 456 496 591 194 212 498 348 690 440 534 473 545 565 689 378 79 599 471 158 533
326 498 130 213 281 608 346 489 504 593 503 239 317 495 380 613 382 473 369 445 475 617 465 86 670 520 59 428
513 683 317 394 246 767 191 614 331 508 660 382 306 674 198 783 567 655 426 468 452 533 543 116 777 659 234 514
428 550 389 320 392 272 591 56 886 1039 192 586 762 613 748 338 350 358 193 263 375 581 846 522 982 791 391 98
771 911 609 701 593 1103 442 969 164 196 997 552 286 871 229 1105 856 950 787 820 785 802 538 408 778 748 553 876
729 905 533 582 222 867 84 667 382 695 766 649 568 913 277 909 751 826 422 400 321 296 818 381 1054 930 443 526
352 316 448 472 795 748 849 785 867 710 688 281 475 230 794 688 452 507 814 910 970 1132 250 549 214 20 520 820
235 312 254 300 591 653 646 638 697 611 572 77 329 259 609 614 347 429 626 719 771 927 238 346 373 208 317 646
106 197 251 172 545 312 694 349 883 907 242 347 608 259 760 274 6 97 457 556 648 846 579 464 659 462 331 422
801 939 638 729 615 1131 458 996 162 195 1026 580 313 899 244 1133 885 979 811 842 804 816 561 437 799 773 581 901
547 663 429 519 574 928 509 840 396 264 829 306 38 613 363 912 647 740 717 781 783 869 272 297 517 475 409 783
463 590 338 429 504 838 466 749 419 351 738 229 53 546 355 823 560 654 635 703 713 813 272 218 516 439 320 697
452 465 548 455 697 52 889 269 1149 1232 158 690 935 551 1015 85 340 265 514 584 696 902 925 744 985 789 598 419
787 916 637 730 655 1137 514 1015 237 120 1033 556 280 869 303 1133 878 972 843 882 852 877 507 448 738 726 590 928
406 502 339 418 588 811 582 758 548 421 720 161 155 446 486 783 514 603 685 764 791 913 153 302 389 310 356 731
279 429 220 151 338 327 517 200 772 887 220 416 602 478 637 354 232 281 221 321 413 614 676 377 819 631 235 200
238 171 418 342 707 291 862 426 1049 1048 280 478 752 258 928 213 168 98 594 689 789 993 674 631 696 505 500 537
652 811 516 501 243 590 408 370 743 996 512 710 777 855 615 659 614 652 160 61 67 263 952 519 1143 972 459 223
587 712 453 545 558 955 474 854 337 231 854 352 76 665 312 944 683 777 715 772 766 838 332 295 577 535 422 788
348 282 468 481 822 725 887 779 920 769 673 319 530 195 843 660 439 484 826 923 989 1157 310 588 243 77 546 824
438 546 343 429 558 832 536 763 490 377 737 193 97 495 430 809 542 633 671 745 764 876 198 269 442 368 346 724
550 696 451 412 295 442 490 221 814 1023 366 653 773 749 678 512 494 520 93 97 209 412 909 514 1077 894 417 80
824 1000 637 670 285 894 234 680 517 844 800 777 718 1018 425 949 828 893 432 375 270 158 963 515 1193 1059 550 530
397 572 198 262 193 624 266 476 474 619 517 330 368 577 340 642 435 521 314 377 394 527 547 108 759 611 108 389
541 683 383 475 455 882 378 767 305 316 779 327 110 647 242 879 626 721 617 671 664 739 382 201 629 555 338 693
414 428 513 421 676 42 866 260 1120 1197 133 652 900 514 987 53 302 227 499 574 686 892 887 712 947 751 567 409
372 461 322 395 595 781 602 737 586 463 693 131 195 403 518 750 481 568 678 761 794 924 146 313 367 272 349 718
419 572 317 276 254 395 452 195 749 921 299 519 657 620 612 447 374 415 80 178 276 481 776 404 941 758 291 88
903 1042 739 830 692 1229 520 1089 189 230 1123 682 413 1000 309 1234 987 1081 894 919 871 862 650 535 881 867 680 987
879 1018 715 806 674 1206 505 1067 179 217 1101 658 389 976 292 1210 964 1058 875 901 856 851 628 512 861 845 657 967
602 778 410 451 86 730 117 535 447 709 628 550 525 792 318 771 617 690 296 295 247 317 749 295 973 832 322 400
785 931 614 704 563 1100 400 957 105 254 993 576 322 896 186 1106 865 958 763 790 748 755 584 406 826 786 551 856
558 671 443 533 591 942 525 855 403 254 843 316 54 619 375 925 659 752 734 798 800 885 266 314 511 474 425 800
456 526 415 488 673 870 661 830 599 418 783 222 203 459 551 835 567 652 768 849 876 997 73 386 319 279 439 811
288 427 175 260 447 664 483 595 548 528 568 86 229 397 450 647 383 476 522 605 642 781 301 184 504 365 193 565
432 554 393 324 392 274 592 57 887 1042 195 590 766 617 750 341 354 362 192 261 373 579 850 525 987 795 394 96
616 787 447 459 106 657 253 445 588 847 563 620 645 816 460 711 604 663 195 161 107 244 845 395 1053 896 371 297
349 410 344 404 649 767 671 746 665 526 685 141 273 344 596 727 461 542 712 800 842 982 125 376 303 193 389 742
412 344 524 542 874 790 929 844 941 766 738 361 546 258 872 724 504 549 886 983 1046 1210 302 630 187 83 598 887
598 653 557 633 790 1014 749 975 622 359 928 367 265 580 606 977 710 792 902 978 997 1102 135 501 317 362 574 950
674 838 483 564 363 937 202 776 162 425 830 510 336 821 27 955 735 825 568 590 546 566 608 271 854 767 404 665
586 726 428 521 483 927 387 809 272 277 823 368 126 689 228 924 672 766 652 702 689 753 401 242 648 586 381 731
200 26 396 354 739 469 861 564 989 930 435 371 646 76 883 397 227 236 677 776 864 1056 517 589 512 326 486 645
139 118 326 259 638 338 782 422 953 948 294 378 652 196 835 277 96 97 550 648 741 940 582 537 625 430 412 509
567 714 400 491 436 895 343 770 266 321 790 362 152 682 198 896 648 742 607 656 642 708 425 203 672 597 346 688
156 53 355 300 684 397 818 487 969 939 358 370 647 137 856 329 155 160 608 707 798 994 550 559 573 380 444 572
270 272 407 318 644 177 816 315 1035 1075 164 515 776 357 908 112 163 74 506 596 702 908 739 617 790 595 476 438
350 409 416 324 563 87 752 168 1010 1101 20 573 807 488 876 129 241 196 392 472 582 790 819 606 905 708 461 307
661 830 464 539 303 897 136 728 215 489 791 518 376 819 82 920 713 800 512 528 481 501 642 261 886 786 380 610
699 820 563 656 634 1065 520 958 303 124 963 461 185 770 326 1055 795 888 806 856 839 888 402 393 636 621 527 884
529 658 392 485 513 894 447 795 358 292 793 298 40 615 309 884 623 717 662 723 722 806 316 241 563 501 363 731
383 556 184 258 233 638 286 500 463 587 531 294 329 555 333 650 431 519 351 417 435 565 506 70 720 576 98 422
700 876 502 559 224 865 37 673 334 639 762 605 513 879 223 902 730 809 434 425 356 351 766 336 1003 884 412 538
770 945 571 629 287 931 106 735 323 653 828 668 556 947 235 970 800 879 492 473 393 349 817 399 1058 945 481 596
624 799 446 469 89 694 203 486 539 805 597 609 613 822 412 744 622 685 237 212 151 247 824 370 1039 888 365 341
181 276 212 248 559 598 630 584 709 649 516 84 359 237 612 560 293 376 581 675 733 896 294 334 421 243 284 596
148 223 276 190 547 270 705 316 907 942 202 386 644 292 782 235 35 70 443 541 637 838 621 488 699 502 350 400
440 617 248 292 118 613 234 444 494 676 507 401 438 630 357 641 462 540 253 307 318 454 623 179 833 681 161 339
