2
5
8
20
230
100000
20000
100
40
300
0 1 
0 1 
0 1 
0 1 
0 1 
0 1 
0 1 
0 1 
33360 18360 37200 25880 6960 36280 12000
22480 21120 26360 14280 35360 16800 34200
32520 22720 15520 19800 37640 27720 31360
25600 8280 30280 15920 7600 27400 10600
29680 19000 15640 16320 33960 25280 28200
31360 10360 16960 16520 20840 30320 10960
30640 26360 23080 21120 41280 24880 37360
36200 14960 22600 22960 18160 36480 3280
3680 19040 39440 12200 26200 4120 33600
29440 14480 35120 21840 4160 32200 11480
27320 11160 15760 12000 25720 24640 19600
18480 22080 31200 14120 35160 12360 36240
28800 8800 26720 17160 11240 29880 6720
22760 3280 27280 11200 11880 23640 12840
22800 1600 23960 9040 15960 22520 14280
36720 16480 11240 21440 26920 34920 14680
12080 9760 33920 7360 16480 13800 23480
32240 16160 10680 17120 30120 29080 21720
36400 16800 29240 25200 13880 37840 3440
18360 6480 25080 2960 20680 16720 20920
774 293 265 370 821 550 443 156 892 529 268 693 260 373 460 553 863 828 283 649 616 604 511 268 740 151 714 514
287 959 720 1122 779 559 659 929 671 652 860 506 777 715 852 797 218 578 667 578 600 463 495 864 215 798 776 435
796 693 497 800 1068 718 178 560 1082 193 165 835 205 632 31 850 663 991 411 314 810 711 613 626 683 394 978 491
464 1111 860 1274 956 728 724 1067 844 696 943 682 869 872 900 969 225 754 794 595 774 632 652 1014 371 921 952 564
602 525 291 656 849 499 122 408 864 211 168 619 86 421 250 638 563 774 197 323 591 497 397 443 511 223 761 294
532 746 482 893 920 566 170 648 891 141 398 640 342 577 343 772 334 790 382 111 658 518 445 653 392 466 855 279
163 564 394 719 380 130 602 579 334 654 699 85 607 322 792 354 524 234 404 667 156 56 157 481 265 521 345 284
714 110 214 227 663 448 553 28 753 642 428 587 390 254 617 390 889 703 294 749 493 523 450 103 718 207 555 513
83 795 585 955 569 371 645 788 466 667 807 298 716 548 846 599 357 371 557 631 398 277 337 705 144 688 566 348
110 615 406 775 484 203 535 607 427 578 663 188 570 368 733 444 419 324 388 577 256 107 156 524 162 517 450 215
166 883 676 1041 611 454 724 879 492 739 894 364 804 636 925 672 379 406 648 691 470 362 428 794 219 780 623 436
811 99 339 94 680 531 684 153 790 773 544 660 516 341 735 410 1016 756 425 881 557 616 555 184 832 339 572 637
743 847 606 975 1110 752 202 727 1092 116 372 840 366 724 222 935 502 993 505 125 846 716 633 764 602 543 1036 474
619 779 524 918 996 639 148 670 973 77 369 721 332 631 277 835 401 872 422 58 733 598 519 690 479 485 926 356
492 663 650 765 75 396 970 752 99 1033 1015 309 929 517 1145 346 897 185 710 1058 303 428 510 630 640 787 181 669
230 936 714 1097 701 518 709 920 584 713 896 443 808 690 907 746 310 496 674 651 545 422 473 845 219 806 707 448
600 878 614 1025 1026 679 275 779 983 208 500 738 458 706 401 896 303 881 514 83 768 621 558 785 447 596 968 391
251 939 707 1101 737 531 674 915 626 673 867 468 782 693 870 765 257 535 660 605 566 434 474 845 203 792 737 430
313 780 518 942 775 460 395 722 711 393 599 479 519 556 589 700 158 608 444 338 535 379 353 682 157 568 735 221
322 554 291 714 649 295 308 495 628 358 445 376 354 338 504 512 386 530 222 382 387 251 174 455 242 352 584 14
490 929 661 1086 963 645 414 852 896 371 642 667 582 721 574 882 123 793 572 263 722 567 532 832 334 680 923 381
457 936 669 1095 939 631 450 865 865 413 676 643 611 720 617 871 73 763 584 311 705 549 523 838 303 698 903 380
136 810 634 963 481 376 758 825 358 787 900 259 808 569 958 569 489 274 627 760 370 297 385 729 273 753 500 445
593 406 185 539 769 434 241 290 801 330 195 567 110 322 343 539 632 719 111 437 521 454 353 325 531 105 674 301
412 971 710 1133 909 627 539 913 821 510 760 617 689 742 714 871 39 721 634 413 691 538 532 873 273 756 885 412
490 444 462 550 146 270 823 538 263 897 833 271 753 323 980 128 862 265 537 945 189 345 391 416 605 593 37 558
505 236 238 379 380 215 631 305 466 714 607 329 533 105 767 118 793 422 329 784 222 310 287 183 564 361 274 430
282 757 646 893 302 358 867 806 161 913 969 215 877 544 1061 467 680 109 670 908 301 325 427 693 439 779 352 546
552 574 322 714 843 486 88 466 844 168 238 594 163 440 273 652 487 750 221 262 580 470 374 486 449 282 761 246
752 84 263 174 668 479 605 75 766 694 473 615 440 285 663 393 940 722 346 802 516 559 491 126 763 259 559 562
399 712 653 831 174 374 931 784 22 987 1003 253 914 531 1116 400 805 99 697 998 290 378 473 664 553 790 253 617
515 740 475 888 905 552 178 644 874 156 405 624 345 567 357 760 322 773 375 126 643 503 430 646 375 463 840 264
368 386 304 531 295 93 640 436 340 712 668 178 583 178 804 152 699 280 364 758 71 184 207 320 452 441 210 374
611 187 101 334 628 363 460 107 697 549 374 506 316 178 552 366 774 635 182 648 423 427 345 106 606 127 523 398
648 244 135 371 704 421 408 122 767 497 298 564 248 249 481 444 769 700 171 605 489 474 383 179 624 62 599 403
55 707 492 868 538 293 569 695 457 600 720 248 628 460 770 530 360 356 464 578 334 196 246 616 104 595 519 261
302 917 666 1079 801 542 568 874 706 557 775 513 695 678 759 785 128 609 603 481 596 448 459 820 181 732 784 371
271 954 719 1116 759 549 673 927 649 669 870 490 786 709 867 785 242 557 669 597 586 452 489 860 214 801 758 438
260 712 454 874 703 383 390 660 646 405 575 408 490 483 590 624 231 543 387 373 460 304 276 614 117 515 660 156
845 708 526 805 1105 758 230 572 1124 243 171 878 231 663 43 881 714 1034 445 360 850 756 657 646 734 414 1013 539
391 476 435 602 164 195 766 549 220 835 801 173 716 304 935 172 768 188 497 872 103 255 316 428 510 572 101 482
772 326 270 406 840 558 413 187 906 497 232 701 229 387 424 576 844 839 276 619 628 607 512 293 731 145 734 503
665 51 231 212 549 381 622 148 649 711 530 510 478 196 713 275 895 609 331 805 407 469 415 60 695 288 441 515
649 595 368 721 922 569 70 473 932 151 160 684 116 498 180 715 562 840 273 275 662 560 463 516 545 291 835 342
865 705 532 799 1115 771 252 568 1137 269 169 893 238 670 69 887 739 1048 455 386 862 771 671 647 756 416 1022 558
802 411 325 487 909 611 370 272 967 448 162 752 188 453 349 650 832 895 305 574 687 649 550 374 745 188 806 515
225 515 292 678 499 155 455 496 476 510 558 224 465 271 645 393 457 379 275 532 240 99 51 421 230 402 440 143
393 466 199 625 644 286 286 400 646 356 375 398 282 272 466 468 478 554 124 412 381 275 177 369 335 255 565 108
211 619 372 781 603 275 410 580 558 447 560 311 469 382 610 515 336 456 322 444 353 199 169 522 134 455 554 101
181 724 582 870 354 300 773 757 238 816 887 162 794 494 969 459 583 148 594 808 268 247 347 651 338 710 376 452
368 678 411 836 767 421 272 606 729 288 466 480 386 473 472 646 276 627 325 272 509 362 302 581 235 443 709 137
312 702 438 862 737 404 336 640 689 350 528 445 445 482 536 639 238 586 362 321 487 333 290 603 172 486 688 143
448 274 203 428 392 160 580 316 457 660 574 288 495 65 725 159 727 400 283 725 190 252 221 201 500 336 291 365
692 40 230 196 595 414 606 107 692 695 500 546 454 222 685 320 904 650 325 795 445 497 436 65 714 265 486 524
747 774 546 896 1078 721 148 650 1073 94 282 821 285 672 134 886 554 976 448 185 815 696 606 696 617 469 998 458
505 674 411 822 865 508 135 578 844 148 351 592 285 508 331 707 369 745 310 173 602 468 388 582 377 397 795 227
399 747 681 868 210 399 949 817 59 1002 1028 271 937 562 1136 436 802 115 722 1009 319 396 493 698 554 818 290 632
362 875 613 1036 846 546 453 815 771 435 669 551 595 650 638 788 64 669 536 353 616 460 443 777 209 658 814 315
756 407 290 498 880 573 328 268 932 409 138 712 144 422 330 626 784 858 261 534 651 607 507 359 697 152 778 468
428 348 312 484 282 152 673 414 354 749 683 230 601 175 828 91 758 309 385 803 120 246 261 294 513 446 183 424
780 466 337 555 930 613 302 327 977 376 87 751 127 473 276 680 778 899 294 504 695 641 540 417 710 202 830 483
174 891 688 1049 607 461 740 889 485 756 909 366 819 645 941 676 394 401 661 708 474 370 439 803 235 793 622 451
482 478 215 627 730 376 204 386 739 283 283 492 190 325 373 535 506 648 114 362 469 370 271 385 406 213 646 179
695 121 329 204 490 405 729 256 608 817 644 513 591 251 826 227 965 586 431 906 404 500 467 169 748 401 384 591
707 615 404 732 970 620 111 487 985 169 127 738 122 538 128 756 610 894 315 298 713 615 517 542 602 311 882 400
451 469 202 622 697 342 234 385 705 310 314 458 222 301 407 508 497 614 105 380 436 336 237 374 381 222 615 152
197 526 319 687 462 132 498 518 433 553 600 181 507 279 689 376 473 335 311 572 208 57 68 435 232 435 409 184
278 547 293 709 602 252 358 501 578 408 486 326 394 319 553 478 394 480 239 428 342 202 132 449 217 372 540 39
917 842 650 941 1217 864 299 707 1225 269 306 975 358 785 121 1003 726 1131 563 350 957 850 755 778 791 545 1129 620
550 166 163 326 480 268 567 207 561 653 518 401 450 82 687 214 792 511 264 736 302 354 302 89 583 270 373 415
149 718 480 881 620 336 493 688 548 515 662 325 572 475 694 580 279 446 433 486 396 243 255 623 26 566 590 208
366 529 475 656 149 214 788 598 171 853 835 152 748 348 962 225 755 135 529 883 120 255 330 479 496 612 125 493
799 715 514 822 1080 729 178 582 1092 182 188 844 224 649 23 866 653 1000 426 298 822 720 622 646 682 414 992 495
507 781 514 931 918 570 226 689 880 193 454 632 395 599 397 787 278 778 416 127 660 514 449 686 360 510 859 281
572 682 427 822 916 558 75 575 902 84 303 650 250 537 263 743 425 804 325 153 652 525 439 593 446 390 842 285
840 690 511 787 1092 747 228 554 1113 248 153 868 216 649 56 866 717 1024 432 368 838 746 647 629 731 398 1000 533
571 814 550 960 978 628 215 714 943 159 444 694 397 645 361 838 320 841 450 64 718 575 506 721 423 531 916 339
246 896 654 1058 745 504 598 862 646 595 795 462 711 653 793 745 192 549 599 528 551 408 432 800 151 731 733 367
362 657 390 815 751 404 268 586 716 291 456 466 373 452 469 626 294 615 305 284 492 347 283 560 236 424 692 117
346 390 171 553 493 142 437 370 509 509 488 274 397 152 607 320 562 425 183 561 234 170 80 295 354 294 412 193
508 880 611 1034 960 627 338 795 905 292 566 666 509 683 495 857 191 802 517 187 710 557 509 783 352 618 911 348
372 388 311 531 287 100 649 440 334 721 676 178 591 184 812 146 706 276 373 767 70 191 216 324 458 449 201 383
386 833 567 992 851 532 383 765 787 365 601 555 529 616 567 770 120 684 484 288 609 453 421 735 229 601 809 276
663 113 171 257 622 397 533 62 706 623 429 536 381 203 613 350 848 654 258 724 444 472 400 61 670 192 514 469
177 659 416 822 604 294 446 625 547 477 604 309 514 419 647 538 311 445 369 462 365 209 201 562 88 502 564 146
434 307 254 453 340 145 623 362 407 701 626 255 545 117 774 120 739 355 331 760 150 241 233 245 502 388 240 390
191 526 346 684 402 100 558 534 372 614 650 120 558 281 746 340 517 275 354 633 156 7 108 440 265 471 355 246
890 191 396 132 777 616 698 189 886 786 531 749 520 422 723 506 1068 849 470 902 647 697 629 263 899 363 669 693
278 501 257 664 555 200 389 465 540 447 494 288 401 268 579 423 445 444 221 477 292 163 79 404 248 352 489 88
517 761 496 911 916 565 198 667 883 168 426 633 368 586 371 777 305 781 397 118 656 513 444 668 373 486 854 276
624 421 214 547 801 468 232 299 835 321 161 601 80 352 316 569 649 753 145 434 555 488 386 345 558 116 706 329
497 968 700 1126 980 670 461 894 906 417 689 684 628 756 619 910 103 804 613 306 745 589 561 870 344 724 944 415
408 645 600 762 113 331 899 721 50 960 958 229 870 473 1079 331 812 101 651 980 241 351 439 600 555 737 182 593
334 874 615 1036 823 531 478 819 743 464 691 528 614 645 666 775 75 642 542 386 598 443 434 776 185 667 794 316
516 584 596 681 19 367 939 681 170 1007 966 311 883 460 1105 270 913 225 665 1043 273 418 487 559 654 730 105 652
459 335 326 465 274 185 698 412 360 775 698 257 619 188 848 58 791 324 405 831 147 279 293 290 546 457 170 455
726 307 225 404 800 513 392 168 863 478 233 656 211 345 424 539 807 795 231 597 584 561 466 262 687 99 695 460
346 708 442 867 766 429 308 640 721 318 506 476 426 495 507 660 239 618 360 287 513 362 312 610 205 480 714 155
223 909 678 1071 713 501 654 886 605 656 844 441 758 664 851 737 256 512 632 593 538 405 444 816 175 764 711 403
723 110 342 173 519 434 738 249 638 826 643 544 594 274 828 258 988 617 443 919 434 528 492 175 774 404 413 612
82 722 547 876 435 288 693 737 333 730 823 180 730 481 892 490 483 236 543 715 289 209 299 640 239 667 438 374
292 599 338 761 658 312 329 544 626 368 484 375 394 378 529 540 339 525 271 375 400 254 193 501 197 401 600 40
880 185 384 137 772 606 686 177 880 774 520 740 508 413 712 500 1056 842 457 889 639 687 618 253 888 350 664 681
437 445 431 564 162 219 780 527 250 852 801 219 718 295 942 132 807 232 500 896 135 291 340 405 551 565 70 508
307 641 554 773 200 270 822 699 110 877 898 143 808 440 1007 344 712 17 593 890 195 268 364 583 456 691 231 508
764 249 249 327 786 529 472 113 862 559 308 672 292 345 500 517 874 802 284 677 590 587 499 228 739 155 679 516
772 286 261 363 814 546 447 149 886 533 274 689 265 367 466 547 864 823 282 653 611 600 508 261 739 150 708 513
959 257 462 162 836 684 747 254 949 833 567 817 565 491 756 568 1131 915 532 952 714 765 697 331 966 419 729 758
737 773 542 896 1071 713 142 649 1065 83 286 813 285 667 144 881 543 968 443 175 808 688 598 694 606 468 991 449
177 650 510 797 323 227 723 683 235 772 825 88 732 420 916 392 582 133 527 774 196 181 283 576 326 641 326 403
717 779 542 905 1061 703 138 657 1051 64 305 798 296 664 172 877 515 953 442 146 797 673 586 698 583 475 983 434
488 987 721 1146 976 675 495 917 897 453 723 681 660 770 656 917 83 796 636 343 747 591 570 889 338 750 945 430
584 132 165 294 512 304 567 172 597 654 503 438 440 114 677 242 814 548 267 742 340 388 332 52 612 254 405 436
612 279 110 414 698 397 368 167 752 457 280 540 219 240 455 447 722 681 126 562 472 444 349 202 581 32 596 359
901 867 664 972 1219 864 292 734 1221 247 336 970 377 797 144 1014 690 1126 573 313 958 845 752 799 770 566 1135 610
699 735 500 861 1027 670 98 613 1022 52 264 770 252 624 153 838 523 925 401 170 764 645 555 654 571 431 948 408
292 438 224 601 477 119 455 423 478 521 526 234 434 194 634 334 527 388 226 560 213 120 26 344 307 345 405 176
317 637 372 797 703 359 307 575 667 337 480 418 394 421 508 587 304 566 297 333 446 299 240 539 200 423 646 80
649 200 133 332 674 408 449 86 744 538 342 551 293 225 525 410 793 681 194 644 470 469 383 136 636 105 568 421
339 554 289 714 664 309 290 491 645 341 429 393 339 344 487 522 387 547 215 368 401 268 188 456 254 344 597 31
274 766 650 903 316 363 865 813 175 909 970 220 878 550 1059 478 670 121 672 903 309 326 428 701 431 783 365 543
248 501 369 651 309 80 635 533 295 697 705 63 615 270 817 267 608 207 400 722 68 95 175 426 351 503 262 333
148 835 609 997 644 424 619 816 543 631 797 366 709 589 819 659 285 447 569 583 461 328 371 742 118 701 637 345
826 695 509 795 1086 739 211 560 1105 228 159 859 214 646 38 864 698 1014 427 347 831 736 637 632 715 399 995 519
544 639 382 781 873 515 79 534 863 124 289 611 225 491 280 698 431 766 280 196 609 486 398 549 425 350 798 248
853 138 380 68 710 572 718 189 824 807 569 700 546 383 761 442 1057 792 465 917 595 658 598 226 874 374 603 678
281 448 235 610 475 117 458 434 473 523 534 227 442 204 639 338 519 382 235 560 211 111 16 355 297 355 405 174
808 807 589 922 1133 776 202 678 1131 155 293 879 314 718 113 935 609 1035 494 234 870 754 663 733 678 502 1051 518
582 223 66 373 628 344 426 143 689 515 355 487 290 171 527 373 736 622 143 611 411 402 316 136 571 106 525 360
87 630 431 789 462 207 571 628 397 613 697 167 603 383 768 442 436 294 419 610 247 111 180 541 177 545 435 250
623 747 495 885 983 626 110 636 966 42 331 714 295 607 247 814 429 866 393 96 719 589 506 660 488 451 911 348
743 87 253 185 665 471 594 65 761 684 464 607 430 277 654 390 929 717 335 791 510 550 481 118 753 249 556 551
640 280 138 406 722 426 372 158 779 461 266 568 213 264 446 468 743 708 151 570 499 473 378 211 608 27 619 384
753 43 287 138 632 472 649 124 738 738 525 602 488 282 715 359 963 700 378 842 499 557 497 126 775 304 524 583
397 536 267 692 700 342 239 461 690 298 371 439 281 345 432 538 419 594 180 342 436 314 224 439 310 301 627 89
382 628 575 749 126 303 870 700 68 930 931 199 842 450 1050 317 786 80 624 950 214 322 410 580 528 712 178 564
439 662 628 775 103 362 932 743 49 993 988 262 900 499 1111 347 844 130 682 1013 271 385 472 622 588 765 190 626
646 250 134 377 706 420 402 129 768 491 293 563 243 250 475 447 764 700 167 599 489 473 381 184 620 56 602 399
159 723 573 871 372 295 754 751 259 796 872 161 779 490 951 465 560 167 581 787 270 235 335 647 315 700 390 433
730 30 266 159 618 450 632 114 721 722 515 581 475 260 703 344 941 681 358 824 479 535 474 103 752 289 509 561
705 378 238 484 830 519 313 243 880 399 159 659 131 372 347 580 748 805 208 519 599 554 454 320 649 102 729 420
228 896 659 1058 724 495 620 867 622 621 813 446 728 651 817 734 223 527 609 557 538 399 431 801 153 741 716 378
199 611 479 758 300 193 710 647 229 763 802 50 710 384 900 352 598 127 501 771 157 159 260 539 340 611 293 393
76 684 507 839 423 250 662 697 333 702 787 151 694 442 860 459 481 232 504 693 257 169 260 601 228 628 417 342
399 616 571 734 105 304 875 691 79 937 930 210 842 444 1053 303 802 101 624 960 213 330 415 571 544 709 158 571
767 363 279 448 860 567 377 224 921 459 190 709 192 404 382 600 820 850 269 583 641 609 512 324 718 145 756 489
657 306 164 427 752 451 352 179 807 441 235 593 186 294 417 499 743 735 161 554 526 494 398 242 618 30 650 391
394 710 441 867 803 459 265 634 762 270 471 515 395 508 461 683 257 660 353 241 546 398 339 613 254 466 746 174
354 674 603 799 177 322 877 740 55 933 951 199 861 484 1062 367 760 46 645 946 241 324 419 621 506 740 234 564
566 897 629 1047 1009 669 318 804 958 259 547 717 498 711 457 893 247 855 532 140 755 604 549 802 410 623 956 384
338 941 688 1104 837 573 568 894 743 552 780 548 702 705 754 817 101 645 621 468 630 480 488 844 213 748 819 390
386 480 213 638 648 290 283 413 647 350 380 398 287 283 466 477 465 554 137 403 385 274 177 382 324 267 571 96
345 938 683 1101 844 575 555 889 752 538 769 554 692 703 741 819 86 653 614 453 634 483 487 841 215 741 824 385
734 144 371 186 504 444 769 283 629 858 677 548 628 295 862 252 1009 613 473 949 438 540 510 207 791 438 400 635
786 535 381 628 974 645 253 397 1011 319 25 777 113 520 202 733 745 929 321 448 731 662 560 480 702 254 876 481
677 51 256 198 539 390 649 171 644 738 557 515 506 210 740 265 916 608 357 832 410 480 430 87 712 316 430 537
699 160 187 276 686 445 502 27 767 592 376 587 338 255 565 415 853 711 255 700 499 513 433 127 692 157 579 480
878 774 587 873 1159 809 256 639 1172 246 238 924 293 723 60 941 715 1080 502 347 901 800 703 711 759 479 1070 576
810 440 344 518 932 627 353 301 986 428 137 767 176 474 322 675 825 912 315 556 706 662 562 401 747 206 829 518
512 304 40 458 622 303 363 230 664 450 340 443 259 173 491 390 648 588 62 537 383 344 249 209 488 120 526 273
449 364 352 491 245 187 717 442 331 793 724 242 644 214 871 68 792 298 428 846 134 276 300 320 543 485 142 465
756 615 423 723 1001 655 164 482 1022 214 93 778 128 560 108 777 663 933 341 343 747 656 556 549 654 316 909 448
275 828 573 990 762 473 478 780 683 475 680 467 598 594 672 717 136 582 507 412 538 384 379 730 123 635 733 276
779 258 263 329 800 544 478 124 877 564 308 687 297 360 500 530 885 817 296 683 605 602 513 241 753 167 693 529
357 505 446 636 173 186 760 572 198 826 806 139 719 320 934 208 740 153 500 858 92 233 304 452 481 583 131 468
285 524 425 665 238 143 709 574 224 771 773 66 683 312 889 252 667 145 466 796 68 167 249 460 408 562 204 407
133 847 636 1007 605 423 679 839 494 695 849 343 759 601 880 648 351 402 605 651 446 329 389 758 174 737 608 391
323 696 610 826 219 324 867 756 88 920 951 191 860 497 1056 396 729 40 646 927 252 315 413 640 477 747 271 550
249 927 692 1089 741 523 650 900 634 648 845 468 760 682 845 761 234 541 642 580 563 427 462 833 186 774 738 411
678 851 598 988 1068 713 210 739 1041 123 416 790 391 706 291 910 419 940 496 45 805 668 592 763 532 554 1000 427
436 744 475 899 850 505 252 662 809 242 470 562 400 549 441 728 250 707 383 198 593 445 385 647 290 489 793 219
454 619 352 771 797 440 167 530 780 207 354 528 275 443 369 639 377 681 255 241 534 403 320 524 338 355 727 162
627 562 332 690 888 536 91 442 900 178 159 653 95 462 212 679 562 809 237 296 629 531 432 482 528 258 801 319
339 488 227 649 609 251 326 434 602 389 428 352 335 273 513 453 451 508 169 430 345 228 134 390 287 302 537 71
75 761 577 917 478 328 697 771 370 728 838 226 746 518 897 536 453 276 566 705 334 244 327 678 220 693 484 383
238 503 362 655 325 76 622 532 307 682 695 67 604 269 804 278 593 218 391 707 81 80 162 426 337 496 277 318
862 763 572 863 1144 793 240 628 1156 232 228 908 279 708 44 926 702 1064 487 336 886 784 687 699 743 466 1055 560
316 685 421 845 731 395 324 623 686 341 512 441 429 467 524 627 255 584 344 319 478 327 279 587 182 468 679 127
648 621 389 748 935 580 46 500 941 123 183 692 144 517 174 733 544 848 293 248 674 567 471 541 538 317 850 343
758 850 612 976 1121 763 207 728 1105 125 368 853 366 732 211 943 519 1006 512 143 857 729 645 768 618 546 1046 487
204 836 595 999 703 448 556 803 612 561 746 415 661 594 754 690 206 513 542 505 499 352 373 741 92 674 685 311
135 705 548 855 380 274 726 730 276 768 844 147 751 469 923 455 539 180 555 759 257 210 308 628 291 674 390 405
521 370 116 518 685 350 287 277 716 374 279 484 192 246 419 463 606 634 26 465 437 373 272 280 474 116 593 247
607 260 372 352 339 327 772 377 462 856 729 404 662 248 898 94 926 450 468 928 295 423 421 262 687 480 233 572
360 760 493 919 802 471 333 691 748 330 542 508 466 545 527 706 190 645 411 279 553 399 357 661 209 529 754 205
262 499 377 647 290 90 653 536 279 715 719 62 628 273 833 255 626 195 413 742 53 115 192 427 369 513 243 352
121 595 403 754 437 170 568 597 382 615 682 141 589 349 762 406 465 280 397 619 213 75 153 508 207 521 404 247
314 951 703 1114 812 568 610 911 711 598 817 530 737 710 800 810 154 616 642 518 617 472 491 854 209 772 801 410
448 961 696 1121 937 640 492 895 857 457 717 642 650 740 661 882 43 756 614 355 710 554 536 863 299 731 907 402
737 550 367 657 953 614 189 417 981 258 39 742 74 505 173 722 682 895 293 386 703 623 522 485 647 253 859 430
270 752 494 915 730 418 410 700 666 417 604 434 520 523 608 660 191 563 426 372 492 336 315 654 116 554 691 196
166 739 590 887 379 312 768 769 261 809 888 178 795 507 966 479 563 172 598 797 286 252 351 664 322 717 400 447
559 204 64 362 582 309 458 156 646 546 400 452 332 127 569 327 739 582 162 637 370 373 294 108 560 152 479 360
579 737 479 879 948 592 123 631 927 84 352 675 305 584 287 787 389 827 377 98 685 551 471 647 443 447 878 309
796 583 418 679 1008 672 230 446 1039 285 48 800 132 557 152 772 729 954 350 414 760 682 581 525 704 297 912 489
504 929 661 1085 973 652 404 849 908 358 633 678 574 724 560 887 141 805 570 248 731 575 538 832 347 676 931 384
264 455 293 611 377 29 558 470 375 622 624 138 533 212 737 273 577 288 319 655 114 68 99 372 331 425 312 265
467 630 613 737 55 359 933 717 96 997 978 276 891 480 1107 313 870 163 672 1023 265 393 474 595 611 749 151 634
425 689 420 843 815 465 222 606 782 231 428 532 354 497 419 681 296 681 327 218 555 412 343 592 291 434 753 176
124 800 623 953 479 366 746 814 359 776 888 251 796 559 946 562 482 273 615 749 362 286 374 718 262 741 496 433
176 593 361 755 542 221 456 568 498 499 589 251 496 350 654 465 384 397 328 502 295 140 130 498 151 459 496 136
543 506 257 647 796 443 147 400 807 233 223 561 133 379 305 594 528 716 156 329 536 438 339 419 457 216 710 236
312 714 450 875 743 413 344 653 692 355 538 450 456 494 543 649 226 589 374 322 494 340 299 616 168 499 695 155
565 681 425 822 910 553 80 575 896 90 308 644 253 533 270 739 418 798 323 154 647 519 434 592 439 390 837 279
673 586 368 708 932 582 98 461 947 173 130 700 97 501 166 719 592 856 278 300 675 578 479 510 572 281 844 365
255 495 366 645 306 77 636 529 295 698 704 67 614 266 817 261 613 208 399 725 62 99 176 421 357 500 257 335
52 734 547 890 469 301 672 742 368 706 811 205 718 490 872 513 448 271 537 686 311 215 297 649 206 663 469 356
596 456 229 588 803 461 191 339 828 280 172 589 79 364 300 581 604 743 143 390 551 472 370 375 522 154 711 295
728 657 445 774 1006 654 112 529 1017 146 158 768 164 578 96 795 606 924 354 275 747 645 547 584 616 353 919 422
789 506 365 596 959 635 278 368 1001 347 51 770 120 502 236 713 764 920 313 476 720 657 556 454 711 234 860 487
497 350 374 465 242 234 751 442 347 829 746 286 669 236 900 34 840 328 457 886 181 324 346 319 592 502 133 509
792 99 307 137 689 517 642 112 793 731 501 650 473 324 692 415 983 753 389 841 549 598 532 164 806 298 580 605
653 92 265 225 497 364 665 208 604 753 585 483 529 196 765 224 908 571 367 842 376 456 415 107 697 340 389 532
346 373 192 534 438 97 494 373 462 567 534 238 446 126 661 265 601 382 228 618 182 154 96 283 378 326 355 244
806 121 314 146 711 533 638 112 814 727 489 668 466 339 681 437 989 773 393 838 568 613 545 180 816 295 603 612
921 827 640 923 1211 860 300 691 1222 277 290 973 346 776 112 994 740 1129 555 365 953 849 753 765 798 532 1123 621
441 391 376 515 219 191 735 470 304 809 747 228 666 239 892 87 793 274 449 859 125 275 308 348 541 509 118 475
438 467 199 621 685 330 245 387 692 320 328 445 234 293 420 499 493 601 106 387 424 323 223 371 371 228 604 142
544 176 127 339 507 269 531 191 581 618 483 407 414 75 650 246 768 525 228 702 315 349 288 85 568 234 402 390
821 169 315 194 756 557 607 107 853 695 446 695 430 362 638 481 981 807 382 810 599 632 557 207 820 271 647 609
770 390 292 476 879 578 356 251 935 437 162 719 171 421 354 621 808 863 273 562 655 616 518 348 715 155 776 486
780 156 272 218 732 519 569 64 824 658 417 659 395 325 609 457 937 775 338 771 565 592 515 175 777 230 623 565
488 279 283 414 329 202 668 355 417 748 654 298 578 145 810 72 798 379 369 812 189 299 293 233 561 409 222 447
638 205 122 340 668 398 442 97 736 531 341 541 289 217 522 405 782 672 184 636 461 458 372 136 624 99 562 410
568 675 420 816 909 551 73 568 897 89 300 644 245 530 265 736 426 799 318 160 646 519 433 586 443 383 835 280
651 760 512 895 1009 651 116 646 993 30 326 740 297 627 226 835 451 894 410 99 745 616 532 675 516 461 935 375
506 343 374 456 248 242 753 436 356 832 745 296 668 236 900 26 848 337 458 890 190 332 352 314 600 500 139 514
512 536 555 634 56 338 905 634 202 976 926 300 844 417 1068 223 903 239 626 1016 247 397 459 512 644 688 60 626
411 1020 764 1182 910 654 617 970 811 590 836 625 762 785 795 898 119 715 694 494 709 560 568 922 293 819 896 466
516 355 393 463 235 257 773 452 348 851 764 303 688 255 920 41 863 335 477 909 200 346 369 330 613 519 126 532
