2
5
8
20
230
100000
20000
100
40
300
0 1 
0 1 
0 1 
0 1 
1 0 
1 0 
0 1 
0 1 
13120 17840 19920 26480 7240 17960 19000
24120 8520 7000 5480 25560 27600 38840
13720 13280 14880 21360 9360 19040 23040
12720 27800 32640 38440 17120 7520 12800
1040 15240 19760 26080 6160 6120 15880
12920 19320 24120 28520 18960 10640 23960
4000 20280 24760 31120 7360 3920 11120
15440 4520 6160 12880 14600 20280 28760
19720 22960 23920 30000 13680 24320 22680
9560 25400 30120 36200 13440 5000 10280
23920 25520 25800 31400 17920 28600 26520
9720 22480 27400 32840 15520 4920 16840
18480 6160 8880 11560 21000 21400 33360
24720 29080 29920 35800 18600 28840 24400
29720 24200 22240 25840 24720 34960 36400
8400 11960 15240 21960 5560 13720 19800
24000 35040 37520 44080 19160 25920 15680
5200 19960 24000 30600 4080 7840 10720
5200 15720 19480 26160 1480 10200 15280
15120 23000 25280 31840 9040 19000 16080
237 247 282 188 510 559 243 201 174 534 72 726 399 676 482 237 234 637 289 655 501 384 330 207 597 408 301 299
258 237 301 184 527 549 254 182 164 559 82 732 409 692 488 261 210 642 264 666 525 360 318 218 579 410 306 283
770 883 474 832 368 381 855 804 517 831 571 96 276 366 162 637 659 16 765 180 676 749 959 449 610 243 343 506
100 427 281 348 465 808 228 455 452 233 324 811 480 621 604 123 545 743 588 688 267 693 499 349 892 575 460 586
202 251 500 206 719 894 95 336 508 472 397 1021 680 884 787 347 511 940 501 920 546 624 287 500 906 729 613 625
64 381 327 304 524 827 171 420 457 277 328 860 525 682 645 164 531 789 563 742 329 674 448 376 894 608 491 590
245 534 459 464 607 997 316 590 636 192 507 976 657 745 782 310 712 915 740 842 329 854 589 537 1075 761 647 770
507 321 504 334 696 439 468 215 210 811 287 781 527 845 550 509 45 685 84 765 764 108 360 381 376 451 401 182
390 485 174 430 326 406 457 418 160 567 168 484 166 476 241 285 329 396 429 421 463 468 565 58 533 178 61 251
399 725 385 645 410 954 524 744 667 105 557 797 539 505 661 334 798 759 861 645 101 951 798 510 1090 678 587 794
169 465 171 384 355 722 299 466 392 261 273 698 370 515 495 49 513 631 575 575 218 666 544 258 827 474 362 524
122 377 182 297 404 675 233 374 321 340 194 712 372 570 490 44 427 636 485 603 310 579 458 219 760 450 333 455
213 413 107 339 340 591 309 386 259 395 151 623 283 508 398 98 393 546 468 522 326 547 497 129 693 358 242 390
543 660 260 605 260 362 625 588 309 648 344 309 73 364 68 416 469 222 575 261 510 586 739 219 551 80 117 342
145 224 302 145 535 660 144 225 275 466 158 795 457 703 555 198 322 710 355 708 462 464 306 269 698 491 377 401
10 318 312 240 527 776 122 352 399 340 271 842 502 691 617 154 464 765 495 733 371 606 390 338 833 571 453 531
325 566 61 491 194 617 443 538 364 364 287 531 215 361 342 179 520 468 606 405 237 671 650 190 761 343 251 476
575 625 335 583 386 243 634 539 251 735 332 365 192 489 143 469 388 270 494 364 612 485 698 244 424 48 133 239
623 621 415 591 485 157 663 526 252 814 361 426 290 586 233 533 350 333 451 450 699 420 687 306 325 146 211 186
543 803 288 727 91 712 669 772 565 443 515 446 286 151 372 401 732 425 826 289 277 875 887 394 900 431 396 654
263 585 262 504 363 835 393 598 526 137 411 741 443 497 569 187 651 688 713 600 101 805 660 378 956 569 467 655
438 749 316 669 278 860 570 748 618 233 525 662 431 364 546 330 766 631 843 508 82 919 828 447 1017 577 502 734
731 721 512 696 549 73 771 622 357 913 470 405 363 625 272 638 436 322 531 467 790 479 783 411 296 215 308 272
607 818 310 749 100 587 721 767 519 577 505 293 200 120 241 461 688 271 790 140 413 818 901 370 792 322 326 580
577 855 350 777 170 791 707 831 637 427 579 504 365 176 449 442 802 493 894 346 267 948 938 464 980 511 473 730
263 572 203 491 309 775 395 574 477 198 368 683 381 453 508 155 611 628 679 545 111 765 650 322 902 508 408 604
528 201 691 280 919 771 416 209 480 859 471 1086 789 1084 844 614 344 992 248 1043 877 340 142 605 674 752 672 509
493 605 221 550 270 368 571 534 259 618 289 364 76 394 122 371 422 276 528 309 489 546 684 165 540 88 63 306
609 742 312 686 242 392 698 672 393 679 425 230 114 308 47 475 551 150 658 180 530 664 822 296 600 141 200 418
452 271 468 279 671 472 411 165 189 760 245 784 511 824 546 461 36 688 81 756 720 158 318 351 427 450 386 200
329 631 209 551 259 775 461 627 504 222 406 642 362 392 485 210 648 594 723 498 79 802 711 339 917 498 409 626
102 427 312 349 494 836 219 461 475 231 346 842 511 649 634 153 561 774 600 718 283 707 496 377 915 605 489 609
705 903 404 837 199 588 817 846 584 673 586 216 263 128 256 560 749 224 854 60 507 870 985 449 806 351 386 626
578 534 419 513 534 203 600 435 183 805 308 525 340 653 314 509 251 430 351 535 708 320 596 293 288 216 230 86
551 832 331 754 169 790 681 810 623 400 560 519 361 198 451 417 787 503 877 361 239 934 915 449 974 508 464 719
701 596 567 593 679 176 703 491 304 949 433 615 483 789 437 648 291 526 361 654 856 281 642 440 139 348 380 170
423 709 229 630 175 753 553 693 531 306 452 562 322 291 436 291 688 525 772 411 141 839 791 357 916 469 399 640
390 141 494 169 717 603 316 38 275 718 268 882 582 880 639 440 169 788 127 836 707 250 185 399 556 549 465 327
381 691 268 610 272 825 513 690 567 210 470 660 403 382 523 272 712 620 787 509 44 865 770 399 974 545 462 686
537 224 660 293 881 685 441 185 419 869 432 1020 737 1042 782 603 268 925 165 987 870 248 197 561 582 686 616 431
462 156 674 231 907 846 336 226 514 783 472 1117 800 1075 872 571 410 1024 333 1056 822 442 72 609 773 786 693 572
301 67 528 88 762 790 177 171 422 624 349 1003 673 930 759 413 369 913 332 928 661 455 102 480 763 682 577 511
277 583 195 502 292 767 410 582 476 209 371 667 368 435 495 164 613 613 684 528 105 767 662 318 898 498 400 602
514 816 348 736 244 856 647 807 650 317 570 612 423 294 526 395 807 592 890 455 168 958 897 476 1028 571 512 758
333 633 201 553 247 765 466 627 498 234 402 629 350 382 474 212 644 582 720 485 89 797 713 331 908 488 399 619
793 766 578 746 611 43 828 665 411 978 529 434 426 679 330 703 473 359 562 513 855 497 825 475 268 280 373 313
260 577 236 496 340 809 392 586 504 163 391 716 416 479 543 170 633 663 697 577 102 786 654 353 932 543 442 633
208 202 492 160 717 858 80 288 474 502 369 1005 665 884 768 347 467 921 454 910 564 577 241 480 863 704 591 586
680 934 416 859 186 754 806 896 670 561 636 401 361 60 409 538 838 411 937 249 398 975 1017 507 961 490 485 742
149 268 253 192 487 631 184 255 251 449 125 748 409 655 510 162 323 664 370 659 429 471 351 223 684 449 334 382
553 415 490 416 657 335 536 309 188 835 302 697 474 795 476 529 109 602 187 696 768 149 461 360 289 376 350 97
305 626 416 550 516 984 412 664 652 53 527 899 602 637 729 303 756 848 801 755 211 905 691 521 1090 725 619 785
541 570 327 532 413 246 590 482 196 726 287 424 218 529 196 446 329 328 435 416 612 429 642 219 397 96 123 182
496 768 262 690 116 731 625 743 553 387 491 494 299 207 398 358 716 467 806 339 221 863 851 379 909 447 397 650
563 754 259 688 109 524 671 700 446 573 439 292 126 194 179 419 614 246 717 161 415 744 837 302 723 251 252 505
30 300 302 220 523 752 117 329 374 361 246 829 488 688 601 151 438 751 470 723 383 580 374 319 807 552 435 505
329 395 198 340 395 444 379 329 105 555 80 574 254 554 330 253 263 485 356 510 475 412 475 75 533 257 149 231
417 612 112 543 149 523 522 564 337 475 302 421 102 310 228 275 505 355 601 308 336 646 695 171 688 241 173 426
171 277 474 224 689 891 88 355 505 431 388 999 659 852 769 317 521 920 519 895 507 641 321 484 913 715 598 626
668 662 455 635 510 117 708 566 296 855 407 414 318 600 244 577 385 324 484 454 736 443 727 350 309 170 250 219
852 858 609 831 598 154 901 760 492 1005 598 355 433 638 316 748 573 295 666 459 870 607 921 523 370 300 411 409
551 335 562 361 755 465 502 234 268 862 344 829 584 903 602 563 103 734 72 819 820 58 361 440 371 503 458 227
362 604 91 529 155 618 481 573 388 377 320 503 201 322 327 217 548 445 636 372 237 697 688 213 772 339 257 495
272 468 50 396 282 561 371 433 264 412 180 562 223 450 341 141 415 487 498 459 317 566 552 101 681 311 199 385
232 532 170 452 310 740 364 531 434 231 324 672 358 463 485 113 566 612 634 539 155 720 612 283 862 478 374 562
179 443 131 364 340 669 298 434 339 314 224 663 329 505 452 33 466 593 533 547 256 619 525 205 774 425 311 471
603 469 520 472 672 291 590 363 224 877 346 681 483 802 471 571 164 587 233 692 803 169 513 389 235 372 363 105
819 1048 534 978 302 751 940 999 747 719 737 323 426 137 426 674 914 368 1018 212 556 1039 1131 602 972 522 551 796
479 482 312 446 448 294 515 393 107 697 214 510 261 582 274 402 244 415 351 489 601 358 552 185 394 176 139 119
644 555 509 546 628 188 651 450 246 890 375 590 433 743 397 589 252 498 334 616 798 272 606 381 198 303 325 114
373 411 233 364 413 400 415 336 73 600 112 558 254 565 313 299 241 466 340 506 515 384 488 102 488 231 135 188
204 277 242 209 474 576 233 243 195 489 70 710 376 641 469 190 278 624 336 631 454 429 361 185 630 403 290 327
161 236 284 160 517 635 170 225 251 473 132 770 434 686 531 193 306 685 346 686 459 451 319 244 676 466 352 378
264 104 416 60 648 655 191 94 282 595 214 866 542 815 622 332 251 776 248 798 596 368 187 350 647 542 440 378
858 1034 554 973 359 604 965 968 691 831 715 141 388 256 330 714 848 215 955 134 666 954 1115 580 833 429 497 708
152 416 153 337 367 674 270 410 333 320 213 685 349 533 469 15 452 613 515 572 276 605 498 212 771 437 322 466
401 654 143 578 119 648 525 625 437 374 372 491 219 279 338 257 598 442 687 352 221 746 738 262 811 365 294 540
386 498 154 440 304 421 459 434 182 551 179 475 149 455 234 275 351 389 450 406 443 490 579 54 553 180 62 274
789 709 618 702 692 91 803 604 391 1013 519 560 499 780 425 720 404 480 478 626 905 394 758 500 139 352 417 266
742 809 468 767 426 254 811 722 435 854 513 219 276 465 151 621 560 136 665 290 711 636 881 409 483 177 294 400
345 18 533 98 765 734 235 104 381 676 330 978 658 933 733 438 304 886 256 914 697 379 70 466 693 650 553 455
608 584 423 559 515 165 639 486 222 818 341 476 319 624 276 528 304 382 404 495 711 370 647 305 295 183 224 139
232 560 304 480 424 870 357 583 543 111 421 799 493 560 620 195 656 744 709 661 154 808 631 408 979 612 506 676
707 762 444 722 427 219 771 673 387 837 470 265 261 484 144 592 510 177 614 320 698 585 833 373 443 140 258 349
557 349 559 373 748 448 511 246 262 865 343 816 575 894 590 564 100 721 87 807 820 53 377 435 355 490 449 214
781 806 530 774 519 161 835 711 434 926 532 309 352 568 237 673 533 236 632 394 790 586 872 449 392 222 336 368
524 811 317 732 178 796 656 792 614 370 545 541 364 227 461 394 775 521 863 384 208 924 893 439 975 512 462 714
546 650 270 598 284 339 623 576 294 663 337 317 94 388 72 423 451 227 558 279 528 566 729 217 527 56 108 321
575 807 290 735 57 637 695 764 533 519 502 357 227 111 292 430 701 335 800 201 353 838 891 372 835 363 348 606
91 261 385 189 605 807 45 315 423 401 301 908 567 770 677 233 457 829 471 805 449 588 324 392 842 624 507 548
677 906 391 835 160 671 797 860 617 602 598 316 298 28 329 532 785 322 887 161 436 916 990 464 882 415 424 677
116 301 421 236 633 863 85 365 480 379 357 950 610 795 723 261 514 873 524 841 448 643 356 441 900 674 556 606
428 549 167 491 271 407 507 483 222 567 230 425 100 414 186 308 391 339 493 356 447 525 629 101 559 144 42 297
791 961 487 901 304 549 896 895 618 781 642 114 315 231 259 648 776 160 883 67 617 884 1042 508 776 359 424 638
454 774 370 693 342 922 584 780 668 199 569 724 494 417 610 362 811 694 883 569 95 965 850 500 1075 640 561 788
259 283 258 226 482 525 278 228 141 540 35 688 363 646 444 237 228 598 296 619 494 381 364 172 574 369 263 271
330 558 42 484 195 591 444 525 341 388 271 516 194 363 321 185 500 451 587 395 263 650 642 167 736 319 225 452
224 441 84 365 315 601 328 415 281 378 178 610 271 483 390 93 420 535 496 504 300 573 524 137 710 358 244 409
432 162 534 205 755 608 354 75 301 761 307 908 615 917 666 484 172 813 103 867 751 225 188 436 544 573 495 337
622 597 435 573 522 151 653 499 237 830 355 471 326 628 277 542 316 379 415 496 722 377 660 318 287 187 234 151
170 407 135 329 360 642 278 393 302 351 183 665 326 527 444 48 424 590 491 556 298 577 490 180 738 408 292 434
295 606 223 525 301 794 428 609 506 187 400 681 391 436 516 190 643 630 712 539 77 797 685 347 927 523 427 632
869 802 678 793 724 106 890 697 474 1076 600 539 537 794 445 791 498 470 572 627 960 486 852 566 192 389 473 355
417 743 449 665 487 1021 533 772 721 85 604 874 612 580 735 377 842 836 898 722 176 995 811 570 1150 748 654 850
375 613 97 539 143 611 494 580 389 389 325 489 190 310 315 229 550 431 640 358 247 698 697 214 768 330 251 493
683 756 412 712 386 257 753 670 383 802 456 244 224 444 104 564 516 150 621 283 661 601 829 351 478 119 236 359
340 524 50 455 230 523 438 480 273 450 218 495 156 395 277 205 435 420 527 392 335 582 608 98 662 258 155 379
526 509 358 480 481 248 556 415 141 746 258 507 289 607 281 451 248 411 354 500 647 344 576 233 348 181 174 98
466 461 311 427 457 308 497 372 87 691 198 530 274 594 292 394 225 435 332 505 599 344 532 182 398 196 149 111
234 174 348 116 579 611 200 142 229 556 146 799 472 746 555 276 239 710 265 729 542 375 257 280 625 479 374 339
545 320 565 349 761 483 492 220 275 858 344 843 593 911 614 560 107 748 56 830 820 68 344 445 388 515 467 241
449 452 295 415 446 325 483 365 77 674 182 532 266 586 292 376 227 438 333 503 583 351 524 165 415 198 140 124
752 961 456 894 236 647 867 907 648 694 646 242 327 110 320 606 814 271 918 108 528 936 1044 510 867 417 451 692
575 630 331 588 377 250 636 545 257 731 335 357 184 479 133 467 396 261 502 354 606 494 704 243 433 38 130 248
624 628 412 597 477 160 666 533 257 811 364 415 283 576 223 532 359 322 461 439 695 431 694 305 334 137 207 196
731 593 623 600 748 239 720 487 343 995 469 688 553 861 511 691 291 600 341 728 911 241 630 494 105 420 444 210
222 541 379 465 516 933 326 581 586 125 458 888 574 653 701 243 680 829 721 752 239 827 605 469 1026 685 574 720
316 641 314 561 382 887 444 658 586 96 473 767 484 501 609 249 713 720 775 621 76 866 715 434 1014 616 519 715
731 720 513 695 551 72 771 621 357 913 469 407 364 627 274 638 434 324 529 469 791 477 782 411 294 216 308 270
398 715 312 635 312 871 530 720 608 182 508 699 449 411 568 301 751 662 822 547 36 904 793 442 1019 591 508 730
740 717 529 695 572 49 775 617 359 929 475 430 384 651 297 651 428 347 520 493 808 463 778 423 271 236 323 265
597 547 438 528 549 187 618 447 201 825 327 528 355 666 323 529 259 434 356 543 727 319 607 313 269 227 248 95
511 205 626 269 847 660 419 155 385 842 399 988 703 1007 748 573 237 892 137 954 839 231 191 527 564 653 582 401
651 704 395 663 404 220 713 616 329 792 412 303 223 480 125 539 457 209 563 331 659 541 776 318 431 87 203 300
797 785 571 762 590 78 838 686 424 971 537 399 411 651 307 702 496 326 588 482 844 528 846 474 305 267 368 334
396 659 157 582 136 676 521 635 457 348 385 515 248 288 367 254 616 469 703 373 193 766 743 282 837 393 321 563
164 458 170 378 358 718 293 459 386 267 267 698 369 518 493 42 506 631 568 576 225 659 538 254 822 471 359 518
355 180 425 174 645 553 305 82 205 674 197 812 509 807 568 385 134 718 145 763 651 257 243 327 530 479 393 274
241 467 62 391 290 605 350 441 298 369 201 594 258 458 379 103 441 522 520 483 282 594 550 143 722 354 242 423
406 729 350 648 357 914 535 739 642 151 537 743 493 450 613 323 780 707 848 591 62 934 804 479 1058 635 549 766
607 684 340 638 346 276 676 602 315 735 381 295 164 431 76 489 458 200 565 295 600 556 759 274 478 43 159 310
450 623 149 558 167 479 549 569 323 523 307 384 55 313 181 312 492 313 592 283 383 629 706 171 651 196 142 400
162 286 232 212 466 614 207 267 236 448 108 724 386 634 487 154 320 640 373 636 420 470 370 199 672 427 311 369
780 667 640 668 738 170 781 561 383 1025 512 636 543 838 483 726 362 552 423 692 929 327 709 515 71 400 447 249
531 299 563 330 763 502 474 200 278 848 340 855 598 915 624 552 110 760 35 838 813 88 322 445 411 525 473 255
421 384 323 354 500 366 436 294 23 677 152 606 330 648 365 372 158 511 263 573 602 294 454 193 416 271 204 111
662 706 412 667 426 197 721 616 331 810 419 316 244 502 148 553 452 223 556 351 679 530 776 330 410 104 216 292
457 784 441 705 444 1007 580 805 728 143 618 828 586 522 705 396 860 796 922 673 153 1013 856 568 1148 728 642 853
782 988 485 921 266 654 897 932 670 724 672 231 350 137 335 636 835 271 940 116 558 955 1071 535 876 433 473 709
317 349 236 298 442 457 350 280 85 569 48 619 303 602 374 264 223 528 311 559 502 374 428 122 524 296 193 219
767 818 501 780 469 219 831 727 443 891 530 249 314 509 191 651 558 174 660 333 750 624 887 434 450 200 318 395
552 457 448 447 598 277 552 354 159 813 287 623 410 730 405 508 159 529 253 625 733 221 511 317 281 305 289 31
565 853 357 774 199 821 697 834 651 397 586 543 392 215 481 436 814 530 903 385 240 962 935 477 1005 539 495 749
505 407 423 395 589 326 502 304 123 775 244 647 408 729 419 469 114 551 216 636 703 209 463 293 328 319 283 50
118 444 304 366 480 836 238 476 480 214 351 832 503 633 627 149 570 765 612 706 263 718 514 375 919 601 486 614
503 778 275 701 130 746 633 755 568 383 504 504 314 209 412 367 730 478 820 348 217 878 861 393 925 462 412 665
345 92 479 115 707 642 264 16 294 676 261 897 585 873 652 409 213 804 181 841 675 305 152 397 606 565 474 363
335 162 420 152 643 572 282 72 217 657 194 820 512 807 576 372 156 727 164 768 638 279 229 327 553 489 399 293
184 498 375 423 529 916 283 541 561 169 432 894 573 673 698 227 648 832 684 762 270 793 562 455 1001 677 564 695
163 407 445 342 633 937 192 471 560 300 432 977 643 786 763 282 612 907 628 856 401 746 459 493 990 725 608 690
336 164 418 155 642 569 285 74 214 658 193 818 510 805 573 372 154 725 163 766 638 277 232 326 550 486 396 290
404 623 107 551 127 572 517 583 372 433 323 448 147 295 271 259 537 388 631 322 290 683 707 200 735 289 219 468
663 847 359 783 180 532 770 787 522 658 529 207 203 169 194 519 687 188 792 62 496 807 929 393 747 289 324 563
129 418 390 346 573 898 200 470 527 257 398 921 588 726 710 228 594 852 620 798 345 734 478 446 963 677 560 660
227 230 519 194 742 894 107 321 510 503 404 1036 695 907 800 370 502 953 486 938 575 610 260 513 898 738 624 622
536 804 293 727 111 733 664 776 576 423 521 470 305 168 394 397 742 450 834 313 257 887 887 404 919 451 411 668
96 233 362 155 588 763 50 276 378 425 259 878 537 755 643 220 412 796 428 780 457 545 303 357 796 586 470 502
415 741 454 663 495 1026 530 771 723 83 606 882 618 588 741 379 843 843 898 730 182 996 808 574 1153 754 659 853
690 917 403 847 172 673 809 870 625 614 608 309 306 31 332 544 794 320 896 157 448 924 1001 474 885 420 432 684
204 177 340 108 573 635 171 164 251 528 155 807 476 741 564 255 270 719 295 731 521 406 261 284 655 492 383 366
582 853 342 776 148 767 711 825 624 448 570 475 344 149 424 444 790 464 883 317 285 934 936 452 958 488 455 713
462 687 170 615 64 589 578 646 425 456 385 409 156 231 264 316 593 360 689 273 301 735 771 257 766 304 256 513
893 1108 601 1041 375 752 1011 1054 791 806 793 296 472 218 449 748 956 362 1061 228 642 1073 1191 657 979 548 594 827
674 623 499 606 585 110 697 521 280 892 405 507 389 686 332 601 327 418 418 546 786 361 679 379 224 247 299 169
691 888 390 822 187 581 802 832 570 662 572 221 250 127 246 546 736 222 841 63 497 858 971 435 798 341 373 614
524 685 223 623 172 449 621 623 361 586 366 310 39 284 120 386 527 239 631 217 439 655 766 230 639 168 164 416
621 535 489 525 613 203 628 431 223 868 352 589 419 732 389 566 233 496 320 609 777 264 587 360 220 293 308 91
756 670 596 663 682 112 767 564 357 987 486 574 488 778 422 691 365 490 438 630 884 356 718 474 131 343 398 229
652 815 348 755 208 472 753 750 478 678 496 188 169 228 136 511 639 144 745 90 519 755 897 362 687 233 281 510
613 732 323 679 272 359 698 658 376 699 417 236 124 341 15 483 531 148 637 206 553 639 811 292 568 114 189 393
401 728 394 648 420 963 525 748 675 100 563 807 549 514 671 340 804 769 866 655 111 958 800 518 1099 687 596 802
704 836 405 781 294 406 795 762 479 756 520 133 209 307 114 568 631 60 738 133 601 733 914 392 629 210 292 487
574 747 270 684 152 480 676 687 424 606 429 266 103 230 134 433 590 210 694 156 451 715 829 292 681 211 227 473
365 428 203 376 382 411 417 358 104 577 117 540 227 535 295 281 271 449 370 482 488 415 507 72 512 220 114 215
640 576 484 561 589 157 656 473 242 871 370 542 394 700 351 575 278 450 369 570 772 315 631 359 224 259 291 122
225 508 454 439 611 985 290 565 620 213 490 976 653 753 778 301 691 913 717 844 342 831 562 526 1058 753 638 753
658 724 394 681 386 243 725 638 351 787 427 274 213 456 104 542 483 180 589 303 651 570 797 325 458 92 210 328
581 341 606 377 801 500 522 246 315 897 385 875 631 950 649 600 147 780 82 866 860 53 356 485 387 549 505 273
268 133 527 120 758 836 136 231 459 579 370 1021 685 925 779 396 424 934 395 937 630 519 160 495 820 708 599 558
506 584 259 536 330 316 573 506 222 660 277 386 135 450 142 395 378 293 484 352 538 494 661 173 481 61 58 251
132 456 254 376 428 796 263 477 450 215 324 780 452 583 577 106 553 714 603 653 230 703 530 333 889 554 441 584
693 854 389 794 239 478 793 787 511 713 535 150 209 232 158 552 671 121 778 63 553 783 934 401 699 258 316 537
752 630 625 633 735 196 749 524 357 1006 486 654 540 842 488 703 326 568 384 702 914 288 671 498 82 401 437 223
528 300 557 330 756 495 473 201 271 844 334 847 591 908 616 547 102 752 36 830 808 88 325 438 407 518 465 248
773 708 592 696 659 57 793 604 377 988 503 525 467 745 389 699 406 444 486 590 878 409 760 476 174 319 389 258
184 420 120 343 345 636 293 404 302 352 187 650 312 512 431 54 429 576 498 541 291 582 503 172 737 398 282 433
258 567 200 486 311 773 391 569 473 200 364 683 380 455 507 150 606 628 674 546 116 760 645 319 898 506 405 600
779 832 511 794 472 231 844 742 457 899 543 238 321 506 196 662 573 166 675 328 756 639 902 446 461 212 330 410
348 416 196 363 383 427 401 348 108 564 102 552 235 539 308 266 272 462 368 491 478 417 496 67 524 235 127 225
150 203 325 124 558 675 128 212 289 477 177 817 480 726 577 218 324 732 350 731 479 462 285 291 705 512 399 411
439 757 351 677 328 904 570 763 649 196 550 712 478 410 594 344 793 681 865 558 78 946 835 482 1056 622 543 769
146 185 358 104 590 710 93 213 324 479 215 855 517 758 616 239 346 770 362 767 494 478 263 329 734 550 437 444
263 277 266 222 490 525 278 220 140 547 42 693 369 654 449 244 221 603 288 626 502 373 358 178 570 373 268 268
660 668 437 637 483 140 705 573 297 837 402 388 293 571 215 564 398 297 499 425 715 463 734 336 338 144 232 233
373 173 450 179 670 561 317 69 225 695 222 832 532 832 589 409 133 738 126 786 675 243 229 352 528 498 415 283
750 804 484 765 454 222 815 714 429 875 514 248 297 497 175 634 547 168 650 324 734 616 874 417 452 183 301 384
821 982 516 923 340 540 923 913 633 818 664 84 339 267 270 678 788 150 895 102 654 891 1062 531 769 368 442 645
640 852 344 784 127 605 755 802 552 598 540 281 231 95 260 494 720 270 822 123 433 849 936 404 813 346 358 609
372 690 297 609 316 861 504 696 590 168 487 703 443 423 564 277 730 663 800 553 11 883 767 426 1004 583 496 713
431 334 384 317 573 399 423 235 86 713 180 679 406 723 440 407 81 583 186 650 653 226 396 259 405 344 281 120
290 612 277 532 358 850 420 625 548 127 435 741 451 487 576 212 676 691 739 597 77 829 688 396 975 581 482 676
620 432 583 451 753 382 585 328 280 915 384 780 570 891 567 610 153 687 171 788 857 72 461 454 270 468 446 191
268 148 533 135 763 850 136 248 473 574 382 1031 695 931 790 399 440 944 411 945 629 535 172 505 836 720 610 573
444 748 296 668 243 831 576 742 599 263 512 627 400 331 513 327 751 596 831 473 102 903 828 426 992 547 475 712
413 183 490 205 707 564 349 78 250 737 261 856 564 868 614 451 128 761 90 816 717 212 226 387 513 522 444 289
343 649 230 569 266 794 475 647 526 212 427 651 378 392 501 229 670 606 744 505 60 823 729 360 937 516 429 647
868 768 705 767 776 160 876 662 469 1098 598 620 584 859 505 804 462 546 524 698 992 426 810 585 107 436 503 339
236 517 463 448 618 995 299 575 630 213 501 984 662 759 787 311 702 922 727 852 346 842 570 537 1068 763 648 764
611 397 602 425 783 437 565 297 301 917 391 829 605 926 610 615 149 734 133 830 868 17 419 476 318 511 480 231
534 631 265 580 296 331 608 555 273 661 319 337 102 406 92 414 430 246 536 300 530 545 709 203 513 47 90 300
767 810 505 773 481 201 828 718 435 898 526 267 321 524 200 653 547 192 648 350 758 609 879 434 432 201 318 383
587 713 295 657 250 375 673 641 362 671 396 257 96 331 33 455 520 172 627 210 526 634 792 269 578 112 170 388
302 107 433 92 662 631 231 58 267 631 219 863 545 828 618 361 216 771 208 802 627 328 183 355 613 535 438 352
726 971 453 898 220 750 851 930 694 614 668 370 378 57 409 583 862 391 963 226 451 995 1055 536 963 496 503 758
205 453 100 375 316 641 320 436 321 337 212 633 298 483 420 63 454 562 527 519 264 608 535 178 751 394 281 450
419 583 124 519 200 471 514 528 286 515 267 416 76 352 198 285 455 340 554 321 384 594 666 131 631 192 115 370
742 912 438 851 263 524 846 847 572 741 593 130 266 214 217 599 731 143 838 27 578 842 993 458 748 316 376 596
217 543 290 463 419 855 343 566 526 129 404 791 481 559 608 177 638 734 691 655 161 790 616 392 962 599 491 658
819 695 683 700 781 198 816 589 423 1068 552 667 585 878 522 767 391 586 444 729 972 341 733 558 31 442 490 289
141 468 294 389 461 836 264 496 487 192 359 818 493 611 618 146 584 753 629 689 237 733 539 374 926 595 482 621
787 816 533 782 518 172 843 721 443 928 540 299 354 563 236 678 544 228 643 388 791 597 882 455 402 226 341 379
519 823 358 743 256 868 651 814 661 314 579 623 435 303 538 402 817 603 899 466 169 968 903 486 1040 584 523 769
404 87 560 157 789 699 303 83 369 736 343 975 666 955 731 483 263 881 197 922 746 317 92 479 639 642 554 424
276 53 466 28 700 714 175 111 344 608 274 927 601 868 683 367 299 837 277 857 626 400 136 408 695 605 502 435
643 761 352 708 287 358 728 686 402 724 447 207 152 341 37 512 554 118 661 192 575 659 839 323 573 134 218 412
336 474 109 411 295 474 417 420 200 499 158 512 174 456 277 221 363 429 457 429 397 510 557 25 598 231 115 309
255 565 201 484 314 774 388 567 473 198 364 686 382 458 509 149 606 630 673 549 117 760 643 320 899 508 407 601
228 544 224 463 351 793 360 553 479 178 364 721 411 496 538 140 604 663 666 585 135 757 621 334 911 532 427 609
864 1074 569 1007 346 717 980 1018 755 787 758 266 436 196 413 718 919 328 1025 192 622 1036 1157 622 944 512 557 790
828 764 639 753 693 71 849 659 433 1037 559 526 503 768 416 751 461 452 538 605 923 456 815 526 183 355 434 315
