2
5
8
20
230
100000
20000
100
40
300
1 0 
0 1 
1 0 
1 0 
1 0 
1 0 
0 1 
0 1 
24400 27720 18800 28000 5000 14920 7520
22720 28240 14120 26240 10640 18080 12560
25640 15800 35960 26480 27840 17040 34400
32440 33560 28120 35960 7840 18600 2440
21600 13480 35400 19560 39000 27800 46400
15160 4480 27680 15120 27520 16200 34920
26440 22160 30120 29200 13120 8720 18360
26360 25480 25920 29680 5240 10160 10000
8200 18280 12320 7720 30000 25280 36040
17280 12080 30960 14600 37880 27400 45280
10480 12320 23000 7000 34520 25880 41600
11200 11120 17040 14240 15040 6640 22400
17400 9880 31200 15360 35760 24880 43200
34360 25880 42120 35960 27840 20280 32680
17680 16680 20320 20840 9480 2440 16840
8480 18200 5320 11280 21560 19080 27240
8320 14080 19200 4880 32960 25600 39760
22360 11720 34400 22320 30680 19200 37800
20880 17520 24840 23720 11400 3080 18200
18800 24440 11440 22360 10800 15560 14800
319 952 802 760 638 473 354 429 922 923 506 1074 146 237 771 870 524 73 244 509 45 788 651 610 346 346 666 826
274 628 588 515 369 270 252 445 593 606 415 744 437 185 488 549 432 395 356 178 347 637 325 385 371 350 362 513
299 774 195 197 203 174 696 885 595 500 857 824 760 609 793 729 141 636 422 422 655 1049 549 108 320 788 653 418
583 322 428 329 258 409 628 817 149 161 717 365 896 626 440 296 571 840 721 284 804 787 232 354 667 746 336 101
465 796 870 801 656 540 117 187 829 871 246 932 256 103 567 711 666 329 460 432 233 528 522 667 534 90 495 783
306 581 576 498 349 273 260 457 549 568 412 697 479 214 447 502 448 442 398 134 391 617 278 376 405 366 318 477
435 510 262 162 71 248 625 823 328 255 752 555 819 584 574 473 386 735 577 272 718 883 331 164 506 737 444 160
788 554 1012 917 773 759 340 357 711 820 214 696 693 465 272 483 941 766 843 505 674 126 440 835 881 379 332 769
385 754 785 717 572 454 126 265 767 799 293 886 275 19 548 670 583 305 395 360 219 565 467 581 460 166 457 709
614 307 441 344 283 438 654 842 118 139 738 340 927 655 446 290 597 872 751 314 835 799 251 378 697 772 351 99
395 604 183 94 57 210 664 861 415 322 804 645 816 606 660 567 308 716 535 329 712 955 414 87 452 770 526 237
914 792 1213 1122 973 928 426 315 950 1055 251 933 688 548 511 723 1094 802 936 702 705 171 668 1023 998 392 566 997
849 87 809 709 615 717 644 775 320 466 634 218 1001 713 214 87 904 1005 965 469 937 557 303 709 946 745 269 469
361 507 340 249 101 188 517 715 371 336 650 578 715 475 515 454 365 638 500 171 616 798 269 176 444 628 377 238
459 825 878 812 668 545 149 200 854 892 273 961 224 114 599 740 663 302 445 452 206 557 548 675 524 110 524 803
580 276 493 392 296 420 565 750 174 235 644 349 854 576 360 234 597 811 712 241 767 706 156 391 670 683 256 182
399 584 692 611 461 391 149 347 600 644 293 715 445 155 396 501 560 448 465 209 377 508 296 494 494 264 291 560
491 854 108 202 320 368 888 1079 639 510 1042 872 956 806 928 826 299 826 603 584 851 1216 683 256 494 983 794 457
977 157 828 737 681 820 840 981 297 434 842 65 1187 897 422 241 992 1174 1105 611 1114 758 456 777 1069 946 457 480
348 726 144 130 158 194 708 900 537 436 861 767 802 630 764 686 207 684 478 407 697 1038 518 76 381 805 627 357
649 278 472 376 320 475 673 857 82 137 749 304 954 679 438 269 634 903 787 340 864 796 261 415 733 790 352 123
451 386 490 392 255 315 433 625 323 356 535 485 704 429 357 319 506 662 575 91 616 651 112 333 546 550 219 274
256 751 669 609 472 334 236 396 722 732 411 871 310 117 586 670 453 269 284 308 217 669 449 467 335 296 471 637
843 788 1160 1073 923 866 355 235 929 1026 183 932 608 474 506 715 1027 722 860 652 625 210 635 967 925 313 540 962
459 646 790 710 560 480 49 246 687 740 206 782 395 122 423 561 637 432 498 309 347 454 376 590 546 166 345 657
427 443 365 266 137 256 534 731 305 282 652 511 761 507 473 394 429 693 565 176 664 777 228 228 512 648 341 186
276 561 427 348 199 155 410 607 468 454 556 654 592 355 503 494 347 520 405 119 493 737 277 230 370 516 362 358
188 691 547 486 350 214 318 500 630 624 488 799 424 223 569 615 356 352 276 228 324 720 389 345 285 402 439 527
699 417 870 772 632 641 328 426 557 664 282 561 701 432 139 340 830 742 776 373 658 274 287 701 796 410 177 614
524 889 955 890 746 621 205 171 928 969 284 1027 203 193 651 804 730 319 494 530 224 564 619 752 582 116 588 881
896 675 1148 1054 908 885 420 368 846 959 256 814 735 548 399 610 1061 831 936 638 735 47 580 967 986 422 471 908
113 852 597 559 448 273 406 552 777 754 580 957 353 282 726 777 321 233 119 388 248 839 550 409 169 454 599 656
157 756 336 306 228 66 560 744 617 553 727 830 612 465 722 698 129 492 293 338 506 939 491 159 208 645 580 459
665 359 804 706 568 590 347 472 485 591 334 503 715 434 103 278 782 741 752 318 663 346 216 641 764 442 104 541
328 543 328 242 92 152 516 714 406 365 655 615 695 465 542 489 329 613 467 183 594 815 298 149 409 624 403 267
887 537 1076 978 839 844 452 461 724 846 322 672 805 575 272 477 1030 878 949 579 786 105 487 908 982 490 374 806
334 799 763 702 563 428 196 319 793 813 361 926 235 72 606 716 538 239 329 379 161 635 504 560 402 222 507 720
812 55 699 603 529 658 693 847 185 333 715 130 1029 740 316 106 835 1011 938 445 953 679 292 625 904 803 311 351
814 395 951 851 718 745 439 509 578 703 362 534 810 548 128 333 936 859 893 472 773 244 358 794 912 509 244 667
855 394 981 881 751 783 480 543 590 720 396 528 851 590 147 339 975 901 936 510 815 248 388 829 953 548 276 689
388 766 106 135 207 247 764 956 568 456 918 800 848 684 817 730 222 725 511 463 742 1095 571 133 408 860 680 385
592 683 921 838 687 616 103 147 765 837 71 825 435 228 423 599 774 513 618 425 418 345 453 723 675 124 389 761
869 667 1125 1032 885 859 393 344 832 942 229 808 709 520 388 600 1035 804 909 615 708 62 561 943 958 395 454 890
927 90 830 734 659 782 753 887 307 455 746 127 1107 817 326 164 962 1103 1049 552 1039 659 389 755 1022 856 374 480
459 1059 945 903 779 616 409 416 1049 1058 527 1187 43 320 853 975 659 133 366 634 111 810 765 754 474 357 764 962
722 713 1038 951 801 742 234 166 832 919 59 858 527 357 435 634 904 625 746 532 529 241 528 843 806 215 443 851
177 760 314 288 220 76 583 767 614 545 748 830 635 488 734 704 116 513 310 351 529 958 500 144 221 668 593 452
863 602 1090 994 851 838 403 386 774 889 255 741 741 530 326 537 1019 825 913 583 730 48 514 913 955 425 404 841
345 949 824 779 654 493 335 400 928 933 482 1073 121 223 760 867 551 93 276 513 16 764 650 631 376 319 660 837
597 368 740 643 503 520 317 466 458 551 340 508 675 388 157 283 711 690 688 248 615 401 163 573 696 423 71 492
524 381 662 566 423 440 314 487 425 500 377 513 649 359 225 297 631 646 623 166 579 476 112 492 624 428 93 433
504 369 617 520 379 406 345 525 388 457 420 495 665 376 251 288 599 651 611 132 590 522 76 451 603 461 111 387
358 605 665 587 437 357 171 368 605 640 326 731 429 144 430 522 522 419 425 201 353 548 309 465 453 279 317 552
529 412 697 602 457 459 275 444 468 545 333 548 620 330 225 327 649 626 619 191 555 441 156 521 628 388 113 476
681 169 669 568 459 549 522 680 261 382 552 300 861 571 193 89 738 851 798 301 789 556 136 550 777 633 142 353
273 872 741 693 565 407 301 409 841 844 464 993 207 175 698 791 481 148 236 428 104 740 571 545 322 317 589 747
476 412 625 530 385 392 304 488 429 491 390 539 621 332 274 330 583 609 577 120 546 514 119 449 575 421 138 417
638 514 872 779 632 609 222 318 625 717 179 658 594 335 246 432 790 645 700 361 557 275 326 689 733 299 236 654
122 889 612 580 475 297 434 571 812 785 607 994 346 308 764 815 323 215 84 426 244 870 588 431 153 475 637 687
511 492 257 159 142 324 693 890 284 186 811 517 898 659 595 468 445 814 653 335 797 923 362 222 578 806 476 102
556 281 529 428 313 411 502 684 232 301 577 378 800 518 310 221 596 766 683 194 716 645 89 404 650 619 194 242
84 824 410 390 314 139 550 721 697 639 722 905 550 441 765 761 128 420 209 384 446 952 545 245 122 622 626 544
369 644 705 630 481 389 133 326 652 688 299 773 386 98 454 561 545 389 420 249 316 538 353 504 459 234 351 600
498 391 379 278 180 323 581 775 234 216 686 447 826 565 461 351 489 763 636 225 731 787 226 276 581 697 339 126
375 1008 862 821 701 534 388 434 984 986 527 1131 99 280 818 926 576 60 285 570 52 811 709 672 392 361 719 889
639 513 873 780 633 610 223 318 625 717 179 657 594 336 245 432 791 646 701 362 558 274 326 690 734 299 236 654
371 708 747 677 530 421 119 290 718 751 293 838 321 31 509 624 561 336 399 312 257 554 419 544 453 192 413 662
257 799 242 244 232 159 677 862 629 540 841 855 722 584 802 751 94 593 376 424 617 1043 561 136 273 764 661 455
655 316 765 666 532 568 376 513 434 542 379 459 738 452 94 233 760 755 750 293 680 393 173 609 754 477 59 493
681 541 922 829 682 657 242 304 665 761 158 685 607 362 264 462 837 669 737 411 578 228 372 739 774 300 276 701
470 874 135 223 328 358 880 1069 663 537 1038 896 935 794 938 843 273 802 577 586 831 1218 692 256 468 972 802 480
920 98 848 750 668 781 724 852 334 482 710 172 1082 793 288 151 965 1084 1039 542 1017 615 377 763 1016 824 349 500
399 438 488 395 248 276 395 590 377 400 511 540 651 381 383 369 469 606 522 38 562 650 149 315 496 511 241 313
660 392 383 299 297 475 766 956 155 28 858 382 1015 755 566 394 604 946 802 414 919 921 373 381 733 883 474 69
313 860 228 262 289 236 753 935 678 577 918 908 779 656 875 815 113 643 417 500 675 1121 633 194 308 837 735 498
846 321 936 835 711 759 509 593 524 657 446 455 881 609 102 269 952 919 936 485 837 321 348 793 945 587 243 631
440 413 408 309 179 279 504 700 296 295 616 490 748 486 431 359 460 689 574 147 654 735 185 266 529 620 298 204
633 429 341 258 266 446 765 958 195 64 864 424 1001 747 590 426 568 927 775 409 903 940 385 346 702 881 490 58
618 753 974 895 744 661 138 76 836 906 86 896 401 245 490 670 809 498 628 487 401 366 523 774 695 87 461 828
230 634 340 276 148 57 499 693 505 459 654 712 627 426 604 575 247 531 371 223 523 843 369 137 310 598 463 361
521 773 35 132 275 370 872 1068 551 418 1018 783 978 802 868 752 351 858 645 546 873 1173 625 238 541 974 739 372
612 284 466 367 294 441 629 815 122 170 709 329 910 635 413 261 606 860 747 295 820 766 221 391 697 746 318 130
451 395 544 449 306 338 374 564 369 415 472 508 662 380 320 321 531 631 566 70 579 593 95 377 549 491 178 336
504 869 121 218 337 384 904 1095 652 522 1059 885 969 822 945 842 310 838 614 601 865 1233 699 273 505 999 811 471
966 180 788 699 655 802 861 1010 260 389 874 39 1199 909 460 263 969 1178 1097 609 1122 805 461 750 1055 969 478 443
918 606 1131 1034 892 887 462 441 791 912 313 741 799 588 340 547 1070 884 970 628 789 44 547 958 1011 483 434 869
455 723 42 72 199 295 794 989 512 389 940 745 907 725 801 695 302 790 584 470 802 1098 556 161 484 896 669 329
838 239 885 784 668 735 546 651 449 586 505 373 916 636 98 192 927 942 938 465 864 402 312 755 937 635 224 568
713 137 616 517 434 559 623 790 148 282 666 220 946 658 303 115 737 920 840 350 866 669 207 530 805 737 254 275
248 589 421 347 202 132 415 610 492 473 566 681 578 352 529 522 322 501 379 145 478 755 304 221 342 517 388 376
525 735 892 816 666 573 61 139 793 850 153 875 346 152 491 651 717 422 538 419 327 435 480 691 603 57 435 767
755 246 541 452 417 579 759 937 26 148 821 223 1054 775 469 270 733 1007 893 440 966 836 339 511 838 876 412 196
896 684 1152 1058 912 886 418 361 853 965 252 823 729 546 407 618 1062 827 934 642 731 57 585 970 985 417 478 914
726 124 697 596 494 592 562 714 255 387 582 260 905 615 197 43 779 897 845 347 834 565 183 586 823 670 179 369
639 578 907 817 668 628 185 254 685 772 114 722 548 308 309 497 802 612 687 396 521 267 381 718 730 243 298 706
429 459 610 519 370 356 278 469 461 511 384 583 578 291 320 378 545 561 528 98 500 535 161 426 528 395 187 430
902 743 1183 1091 943 905 415 328 905 1013 242 884 701 541 464 675 1076 808 930 671 711 121 628 996 988 396 524 958
489 464 694 602 454 435 228 407 507 573 308 598 567 277 274 379 621 574 573 182 502 452 193 510 587 344 166 499
515 654 843 762 611 536 40 203 714 776 149 793 411 164 413 569 695 466 550 353 376 404 400 644 601 138 353 696
537 328 445 344 244 372 561 750 201 228 652 395 832 560 399 285 546 781 671 218 741 734 174 339 625 678 284 156
469 647 799 719 569 489 43 239 691 746 196 784 397 128 421 562 647 438 507 316 352 445 379 599 556 160 345 663
259 578 439 363 216 151 397 593 489 476 547 673 571 338 511 510 341 499 386 128 472 735 289 239 355 501 370 379
74 842 427 409 334 159 552 720 716 659 725 924 539 441 779 778 133 406 191 399 435 959 561 265 101 621 640 564
540 450 740 647 500 487 234 394 518 596 281 588 590 304 234 365 674 609 621 230 532 402 207 559 638 343 149 528
253 618 543 471 325 227 296 489 567 572 456 728 470 228 498 542 396 415 350 157 375 669 315 341 352 395 366 478
404 845 841 780 640 506 192 264 855 882 334 976 186 106 633 760 611 241 382 445 146 616 557 639 464 174 547 791
471 760 24 108 237 320 827 1021 546 419 975 779 928 754 839 733 305 808 596 507 823 1136 595 191 493 927 708 363
901 204 692 606 573 730 846 1008 174 291 879 93 1167 881 482 272 888 1134 1036 562 1085 843 430 667 987 958 470 352
356 481 443 353 203 223 417 614 396 399 545 576 644 386 437 415 415 586 483 68 550 698 202 264 450 530 296 306
241 717 632 570 431 299 247 419 682 690 421 835 352 140 563 637 429 304 291 268 258 669 414 430 328 321 443 595
552 330 648 549 413 451 366 537 375 458 422 461 700 410 206 247 644 693 658 178 628 498 67 489 651 480 65 396
367 728 125 118 165 213 725 918 535 430 878 766 821 648 774 690 221 703 496 420 716 1052 527 91 398 823 637 353
743 308 845 745 616 657 429 540 472 594 396 451 799 520 25 235 850 828 835 383 749 345 253 695 842 519 143 556
285 934 769 727 607 440 356 446 898 895 514 1054 179 234 761 854 490 85 215 487 77 794 633 578 315 358 653 798
925 682 1171 1076 931 911 450 396 858 974 286 819 764 578 409 619 1089 861 966 662 765 43 599 992 1015 451 489 926
975 161 820 729 676 817 845 988 289 425 849 56 1190 900 431 246 988 1176 1103 611 1117 769 457 772 1067 951 462 472
510 866 117 215 338 388 908 1099 649 517 1062 881 975 826 945 840 317 844 621 603 871 1234 699 276 512 1003 811 467
368 580 655 574 424 353 184 382 581 618 331 706 454 168 409 498 524 443 441 180 378 542 284 456 464 296 294 531
181 785 622 571 442 286 314 469 733 726 488 897 330 193 641 707 383 249 211 326 226 745 481 423 258 371 519 629
540 316 606 506 373 425 400 576 335 412 466 439 720 432 237 237 618 703 653 160 644 544 22 453 638 515 100 349
910 672 1156 1062 917 896 436 385 846 961 273 810 752 564 398 608 1073 848 952 647 752 36 585 976 1000 439 475 912
902 135 869 769 675 774 671 790 375 522 647 241 1035 748 226 147 962 1046 1015 521 975 543 356 768 1000 768 308 528
76 913 518 504 427 248 547 697 802 751 721 1002 472 425 825 845 204 328 100 457 372 972 622 361 25 599 690 655
200 910 688 651 537 364 393 510 853 837 561 1022 266 265 761 832 403 142 135 451 164 833 607 501 229 417 642 740
276 613 297 227 96 90 539 734 468 413 688 682 678 472 607 559 259 583 418 235 575 865 365 98 350 641 466 316
641 826 1023 947 798 702 190 9 907 972 147 969 366 270 562 743 839 481 636 547 385 409 593 821 712 89 533 893
643 229 678 577 456 526 458 616 315 424 489 364 801 511 160 145 717 796 755 263 731 509 101 542 742 568 78 383
852 648 1104 1011 865 840 379 341 811 921 219 789 703 507 368 580 1016 794 894 594 698 64 539 923 943 388 433 868
163 841 347 343 297 153 623 798 693 619 794 911 628 519 808 784 50 493 272 424 524 1016 578 212 168 699 667 528
777 175 797 696 584 662 536 665 362 497 525 318 898 611 107 109 853 909 885 398 837 467 237 673 876 636 172 478
491 369 421 321 207 326 536 728 245 255 637 441 794 526 415 321 503 738 625 184 701 737 176 300 578 653 290 171
604 489 280 200 235 416 777 973 257 122 887 486 993 750 636 481 523 910 746 419 893 979 419 304 667 893 528 94
947 139 793 702 647 788 823 968 262 400 831 32 1166 876 415 224 959 1149 1075 584 1091 759 431 743 1038 930 440 445
286 956 774 735 617 448 381 466 916 910 538 1074 182 259 785 875 488 65 204 506 86 818 654 585 308 381 676 812
410 1110 901 872 763 587 501 538 1072 1063 638 1230 170 392 928 1029 593 90 289 662 165 922 809 722 399 470 825 965
571 623 874 789 638 579 103 209 704 777 108 765 468 228 368 539 745 530 612 371 439 341 392 679 660 173 328 703
804 178 618 527 482 634 761 929 87 227 805 146 1074 790 428 219 796 1038 939 466 991 795 341 577 891 875 394 270
408 608 718 638 488 412 120 318 629 674 271 740 422 132 410 524 576 433 464 239 357 498 323 519 500 234 311 590
737 143 607 510 440 576 669 837 107 250 714 192 987 700 347 149 749 956 868 384 905 714 250 536 827 783 302 259
405 624 726 648 498 417 110 308 645 689 267 756 406 116 424 540 577 419 457 253 343 502 339 526 496 221 327 604
395 1043 885 847 729 560 421 458 1018 1017 556 1167 101 315 853 961 592 62 295 604 87 840 744 697 405 388 754 921
494 403 642 548 403 412 302 482 432 499 379 532 627 338 255 320 603 620 593 140 555 495 119 469 593 418 122 427
833 61 782 682 591 697 644 782 291 437 643 200 998 709 226 65 883 997 951 454 931 578 289 685 930 748 265 441
466 778 41 126 248 321 832 1026 565 439 982 798 925 757 854 750 294 803 588 516 820 1147 608 196 484 931 721 382
626 489 847 754 607 590 231 341 596 688 205 632 603 337 226 407 772 647 693 337 562 295 297 666 722 315 208 625
536 767 915 840 691 593 91 118 824 880 163 907 325 163 520 682 732 412 541 448 316 447 511 713 611 26 467 797
470 502 704 615 465 431 193 376 541 602 286 636 529 240 306 417 613 539 548 195 466 453 228 515 568 309 203 525
456 806 867 800 655 536 130 198 836 875 261 942 242 101 580 721 658 314 447 436 218 544 529 664 524 103 505 787
367 710 745 675 529 419 123 293 719 751 297 840 320 30 512 626 557 333 394 312 254 558 420 542 449 195 415 661
700 775 1047 965 814 739 217 92 879 957 82 919 462 327 500 694 890 571 710 551 474 312 569 849 778 161 493 884
364 1055 856 823 712 538 455 507 1017 1009 598 1175 156 342 876 974 555 35 253 607 119 882 754 673 363 433 772 911
690 404 855 758 618 629 330 434 541 649 292 549 702 430 129 326 819 741 769 360 658 289 272 688 788 415 161 598
524 542 786 697 547 504 143 304 608 678 204 681 509 232 309 457 680 542 585 277 460 385 294 595 618 250 241 604
307 569 560 481 331 262 277 474 532 550 426 683 497 233 444 491 440 456 404 117 408 625 266 361 406 384 311 458
609 317 432 334 275 432 657 845 125 134 743 348 926 656 454 299 590 869 747 314 834 806 256 370 691 774 357 90
441 439 603 511 363 359 296 486 441 493 397 563 598 311 309 359 550 580 542 93 520 538 140 423 540 414 173 413
445 1165 932 908 805 627 557 588 1123 1109 692 1284 216 449 985 1084 618 144 315 715 221 975 863 759 423 523 881 1011
461 377 468 369 237 316 465 657 297 324 566 469 732 459 372 316 503 685 590 118 643 676 126 321 555 582 238 242
230 881 316 332 319 208 695 871 718 631 865 942 692 591 865 828 22 552 323 482 589 1084 630 225 214 772 724 545
826 713 1115 1024 875 832 339 264 860 961 166 856 634 465 431 641 1001 736 855 604 639 145 572 926 911 325 473 902
431 558 705 621 470 413 152 345 585 637 277 690 472 182 363 474 587 481 499 209 407 479 276 510 526 269 261 555
782 131 776 675 569 658 568 703 323 461 565 275 925 636 151 67 848 929 895 402 861 511 237 660 880 670 192 448
350 1044 841 809 697 523 449 506 1004 995 595 1163 162 334 867 963 541 23 240 594 116 878 742 659 350 430 761 898
895 717 1166 1073 926 894 412 338 881 990 241 857 709 539 438 649 1066 812 928 655 715 94 607 981 982 401 501 936
492 762 877 804 656 552 77 160 806 856 199 900 302 119 526 677 688 376 497 420 281 481 495 674 566 62 460 771
842 30 736 639 565 691 705 854 219 367 719 118 1047 757 311 107 869 1033 967 472 974 668 315 661 935 813 322 387
385 462 399 305 160 228 475 673 351 342 599 544 700 446 455 404 414 636 519 119 605 739 210 236 475 589 316 247
754 288 844 743 616 663 449 561 458 583 418 431 819 538 7 218 856 845 848 389 767 360 253 698 853 540 147 549
714 166 720 619 507 590 518 665 303 430 532 307 868 578 148 81 781 867 827 333 800 514 168 597 812 625 136 404
355 731 746 678 534 417 139 299 735 764 313 860 300 20 534 647 549 310 376 325 232 578 439 543 434 200 436 673
241 668 285 231 131 56 561 753 520 456 717 736 669 483 658 614 203 563 382 281 564 905 418 83 305 657 517 361
897 589 1109 1012 870 866 445 432 772 892 300 725 786 571 321 528 1049 868 952 606 774 51 525 936 991 470 413 848
637 235 674 574 451 520 453 611 317 424 486 369 795 505 163 151 711 789 748 257 724 509 95 537 735 563 74 381
565 359 390 292 227 386 641 832 172 149 737 396 895 631 474 335 542 833 704 289 801 817 258 322 645 758 366 71
521 605 822 737 586 525 83 243 670 736 160 745 455 192 366 521 692 502 568 322 414 386 356 626 611 185 305 659
388 803 809 746 604 476 161 266 812 841 317 934 227 63 594 718 591 265 380 403 175 596 514 606 455 170 505 750
336 523 539 455 304 263 306 504 483 504 443 636 545 277 414 447 450 505 443 68 457 622 221 346 435 418 277 413
451 1166 939 914 810 633 555 583 1126 1114 688 1286 210 448 985 1085 626 146 323 717 220 972 865 765 431 519 882 1016
983 158 838 747 690 827 840 979 307 445 840 77 1189 898 420 242 1000 1178 1110 616 1117 752 459 786 1075 945 458 490
718 182 739 638 523 600 504 647 328 454 512 325 858 569 123 99 791 861 828 338 793 489 175 611 816 609 125 426
647 351 409 318 293 464 725 914 122 64 813 355 985 720 517 348 606 922 787 377 891 873 326 383 724 842 426 63
115 890 429 424 367 201 602 766 757 692 776 969 564 488 833 828 109 423 195 452 463 1013 613 288 87 667 694 599
289 750 699 636 496 365 206 362 732 748 380 873 296 84 574 668 486 272 311 317 210 642 451 496 367 263 465 654
623 469 833 739 593 581 243 361 576 668 226 612 615 345 209 386 765 655 694 324 571 307 277 654 720 332 187 606
918 691 1171 1076 931 907 441 381 865 979 274 829 750 568 417 627 1084 849 957 661 753 54 601 990 1007 439 492 929
297 682 211 165 113 125 632 825 511 428 786 736 739 557 700 636 204 628 435 335 634 965 456 19 347 730 561 339
743 143 608 512 444 582 676 844 104 248 721 186 994 708 353 152 754 963 874 391 912 720 258 540 833 790 310 260
291 575 332 254 108 117 505 702 443 401 650 650 667 446 562 519 299 580 431 190 565 821 321 140 372 610 421 303
364 819 796 736 596 461 191 295 820 843 348 948 211 80 617 735 569 236 350 408 149 627 527 594 428 200 524 750
210 686 309 260 160 27 545 735 545 485 704 758 641 463 664 630 189 533 351 283 536 901 428 111 276 639 523 389
915 659 1154 1058 914 897 444 400 836 953 284 796 765 572 386 596 1076 859 959 646 763 20 579 975 1006 452 468 905
536 761 45 128 275 380 877 1073 536 401 1021 767 991 810 862 741 370 872 661 547 886 1170 620 246 559 980 734 358
647 455 329 252 278 459 794 987 217 74 895 442 1024 774 621 455 573 946 789 437 926 972 417 353 713 910 522 88
366 1112 852 830 730 551 536 594 1058 1039 684 1227 237 418 947 1033 537 109 234 656 205 967 809 681 342 519 836 941
909 106 764 672 613 751 787 935 233 376 800 39 1128 838 387 189 924 1111 1037 545 1053 737 393 709 1000 895 404 415
208 712 294 255 172 47 570 758 564 498 731 781 651 484 694 657 161 538 347 313 546 930 457 106 265 661 552 404
514 873 941 875 731 607 189 170 911 953 275 1011 210 177 636 788 719 319 487 514 223 557 603 737 573 106 572 865
368 475 506 416 266 263 357 554 423 444 482 582 606 336 395 402 455 562 485 12 517 639 178 322 466 472 254 355
407 448 385 289 150 243 501 698 326 313 622 525 729 474 459 394 424 664 542 144 633 753 213 234 494 616 323 218
88 919 562 543 456 275 515 658 820 777 689 1014 423 391 817 849 252 279 56 458 324 946 624 397 67 561 684 680
376 496 338 244 100 202 526 724 357 321 656 565 729 487 511 445 376 653 515 177 630 799 265 181 459 638 374 224
656 388 814 717 577 590 320 442 510 613 304 532 690 412 129 307 780 720 739 319 640 329 232 647 754 414 124 560
348 494 403 313 164 199 453 651 389 378 584 580 665 416 469 433 389 599 481 107 569 738 228 226 439 565 329 282
850 268 910 809 691 752 541 638 479 616 491 400 913 635 102 222 945 943 947 480 864 376 332 777 949 626 238 596
809 786 1134 1048 897 836 321 198 918 1010 153 930 571 438 504 710 995 684 823 628 588 233 619 939 889 276 529 945
448 916 902 845 708 566 248 268 929 956 366 1048 123 180 697 831 657 221 403 519 126 650 630 701 497 197 616 863
401 477 589 500 350 329 282 477 467 508 399 598 566 282 347 398 518 542 502 80 485 560 176 402 501 399 213 424
625 217 618 517 403 491 496 664 253 357 544 337 823 534 226 143 680 805 744 247 746 577 86 493 721 609 135 315
383 460 512 421 272 277 359 555 412 437 479 568 616 343 381 387 469 574 500 3 528 630 162 332 481 474 240 350
380 489 568 480 330 305 293 489 467 501 417 606 562 283 369 411 494 533 484 65 479 583 186 380 480 409 233 415
395 584 204 112 39 208 647 845 398 311 785 627 807 592 637 546 320 711 536 309 704 934 392 97 456 755 504 223
416 618 733 653 503 425 105 303 643 689 258 751 413 124 415 533 587 429 468 254 351 491 336 533 507 219 320 605
392 472 563 473 324 309 307 502 449 485 426 589 580 301 359 394 499 550 498 53 497 584 169 378 491 423 221 400
530 439 310 211 169 344 670 865 237 159 780 468 895 645 547 415 482 820 671 311 796 880 319 258 603 785 431 63
251 761 240 226 196 126 648 835 594 510 810 819 711 559 763 712 121 588 379 386 605 1008 522 102 281 738 622 422
919 756 1200 1108 960 923 432 340 920 1029 258 896 713 557 478 689 1093 822 947 689 725 128 645 1013 1004 411 540 974
457 402 576 481 337 357 344 532 393 446 439 521 643 358 301 324 549 619 567 82 563 562 99 405 556 461 160 368
342 824 177 211 254 236 758 945 634 529 919 865 808 668 853 782 155 677 455 484 703 1112 608 162 348 847 714 453
702 162 588 489 411 543 635 806 119 250 685 227 950 665 332 147 718 919 832 348 868 697 215 507 792 750 275 244
460 627 126 25 132 280 740 938 418 302 877 651 891 684 711 599 346 787 598 399 786 1019 469 145 508 847 582 234
728 690 1032 944 794 741 241 191 813 904 69 834 548 367 410 612 906 643 757 523 547 218 512 839 814 234 424 838
302 1062 788 765 667 487 512 590 1000 977 668 1173 257 388 907 984 475 104 171 602 197 949 758 617 280 508 791 879
194 712 311 270 181 34 555 743 569 507 717 784 635 468 688 656 164 523 334 305 530 919 452 120 254 646 546 412
687 355 425 340 329 503 766 954 115 34 850 340 1028 762 541 362 640 965 828 420 934 901 362 416 762 883 457 97
159 749 336 304 223 59 556 739 611 548 722 824 611 461 715 691 136 492 296 331 505 933 484 156 213 641 574 454
287 912 765 721 597 434 331 425 880 880 490 1033 180 209 737 831 494 108 229 468 75 769 611 572 324 336 629 784
512 517 232 136 143 324 712 909 304 196 833 538 908 674 622 494 435 821 654 355 807 948 388 214 576 825 502 121
845 355 953 853 725 765 490 565 553 684 418 490 862 595 116 300 958 905 930 491 821 286 361 805 944 564 252 655
840 681 1110 1018 870 837 359 303 836 941 191 822 669 486 399 610 1009 766 875 599 670 102 555 924 928 356 452 885
305 708 687 620 477 358 183 356 695 716 358 832 332 79 532 626 494 315 342 282 250 611 410 484 389 258 422 624
