2
5
8
20
230
100000
20000
100
40
300
0 1 
0 1 
0 1 
1 0 
0 1 
1 0 
1 0 
0 1 
15320 9440 16520 6280 19280 12880 13040
2920 9720 29720 18400 21720 24200 31280
17440 13760 22400 13000 25880 6200 14720
20000 19600 31920 21840 34000 5760 23240
11600 4640 16120 4200 14440 17920 17520
16640 9640 10640 2200 11160 21360 15520
21320 17600 18440 16920 4240 35440 29640
7680 12360 31960 19960 27440 18160 29640
27800 20800 4800 12040 18280 24680 9360
22280 15400 5160 7680 10400 25720 15320
23840 19960 24240 17440 30640 5200 12960
6440 3920 22760 10760 19360 16240 22040
6120 12600 32160 21200 23000 27320 34400
7880 4400 20560 10440 12520 23720 24800
15840 10760 15040 9840 4680 28080 23600
3360 7680 26960 16120 18400 24680 29680
20240 13200 7360 4600 12680 21920 12800
31760 25320 8520 18360 13600 36000 22400
2960 5960 26120 14240 20840 18760 25960
30920 25960 23640 20960 33480 13120 9720
295 192 596 955 206 848 816 524 420 876 442 638 535 482 827 828 291 464 367 644 955 717 682 838 409 611 742 229
485 613 249 601 691 723 796 443 430 356 575 740 283 285 202 518 551 358 717 347 384 148 108 272 366 520 358 833
507 623 449 329 561 416 490 617 292 164 358 458 202 334 506 221 607 479 518 76 243 158 348 141 420 725 57 688
750 819 825 283 602 50 77 953 485 454 372 196 528 663 923 245 852 805 457 386 509 577 754 508 718 1072 373 660
749 874 583 366 850 575 678 776 575 153 647 705 454 548 513 356 837 667 807 366 94 286 443 150 641 861 287 978
712 822 651 134 715 321 425 825 473 121 480 475 410 544 668 107 814 689 632 253 161 336 535 199 630 931 159 825
515 637 231 714 758 838 909 408 513 465 669 847 374 336 88 633 562 362 803 459 484 263 130 382 399 462 473 900
333 461 169 607 540 676 730 348 291 395 450 644 157 130 281 500 407 229 580 284 449 157 97 320 216 450 337 682
470 593 372 405 572 501 573 548 294 200 397 528 169 279 421 304 564 417 554 131 266 73 264 139 371 652 140 707
579 704 440 374 686 523 611 628 408 126 498 597 283 381 429 305 670 508 657 217 168 124 310 42 474 723 168 818
491 536 652 500 298 347 314 732 261 530 96 145 377 473 815 389 586 591 160 328 609 516 631 539 496 853 392 365
443 556 142 795 717 893 953 294 502 555 667 869 381 299 90 702 471 275 786 502 586 328 135 472 336 340 538 856
231 293 203 933 542 951 977 39 451 738 606 843 418 276 404 814 194 128 666 584 794 502 343 665 212 151 661 661
669 797 438 549 843 726 818 630 567 300 685 805 422 464 317 505 740 549 841 415 285 238 299 234 551 698 377 982
184 313 164 689 425 709 743 262 232 510 399 624 172 32 373 569 262 116 499 339 574 288 213 444 67 381 419 565
776 859 810 176 668 65 177 955 509 375 427 294 522 662 882 168 881 809 536 363 420 534 723 440 728 1072 323 742
629 695 728 341 479 166 158 843 369 442 246 114 431 558 848 254 731 696 339 311 511 512 671 478 606 964 329 544
424 514 495 401 380 358 389 615 159 349 157 293 199 326 627 272 529 467 317 126 430 313 446 343 381 735 206 496
253 359 337 556 327 539 564 437 60 430 224 443 93 158 510 428 358 290 349 209 507 279 328 389 201 557 305 466
30 157 282 781 314 755 766 270 243 635 380 619 276 176 511 654 131 158 431 431 706 434 366 579 92 386 524 445
588 695 555 227 591 316 401 719 345 153 361 400 291 430 610 113 691 578 518 128 231 263 456 186 512 830 51 706
409 459 278 1055 719 1100 1135 142 616 838 777 1011 558 421 384 944 361 283 843 718 882 598 407 758 377 41 783 836
129 6 413 915 295 858 851 327 360 787 456 687 428 334 644 786 94 278 450 572 860 592 516 734 246 418 668 389
194 250 416 671 177 603 599 449 123 580 205 443 249 248 624 542 289 320 253 348 659 435 451 544 227 567 446 319
563 685 444 351 655 489 575 628 379 115 462 559 261 369 451 273 656 503 622 180 174 124 321 46 462 727 130 786
740 868 526 499 888 697 796 720 610 265 711 803 472 534 411 475 817 631 870 430 226 286 385 221 625 791 373 1024
765 884 643 245 819 465 571 831 556 100 597 619 459 575 609 255 860 709 755 333 37 326 511 163 667 926 238 939
682 798 587 220 724 404 505 769 464 33 502 534 375 500 586 183 780 639 659 239 89 268 464 115 590 870 143 844
407 470 240 1017 718 1070 1109 139 596 795 759 990 527 394 333 908 371 264 834 685 837 556 362 714 360 82 746 840
161 58 420 961 344 909 903 310 408 826 508 739 467 363 649 832 87 286 501 616 898 623 533 770 271 390 711 430
131 7 420 909 282 849 841 338 354 784 446 676 426 336 651 780 106 285 438 567 858 592 521 733 249 430 664 376
588 710 301 734 830 876 953 470 580 481 732 901 438 409 105 664 633 433 870 507 488 307 203 401 472 513 510 972
175 226 238 923 482 924 943 105 416 742 564 802 404 266 456 800 127 127 612 570 803 512 372 673 186 206 653 598
566 677 265 851 840 974 1042 392 618 601 780 972 488 420 51 770 589 397 905 590 615 399 233 518 460 409 610 980
422 381 698 820 115 667 614 688 380 805 304 433 526 538 913 702 471 585 164 574 886 709 742 790 501 794 662 41
476 493 685 615 220 450 398 736 299 638 146 217 437 506 870 504 559 604 57 424 718 598 687 640 508 854 497 257
644 733 676 205 565 163 241 819 379 296 320 266 386 526 759 102 749 673 453 229 361 412 594 343 593 936 205 656
207 298 137 857 515 882 912 90 390 662 552 785 344 203 358 739 207 58 625 510 718 426 273 589 152 209 585 643
452 572 382 395 537 473 540 550 260 212 357 489 146 271 451 286 550 414 514 92 286 109 286 165 360 659 123 670
727 817 744 138 646 129 234 894 462 303 401 313 460 601 809 94 832 749 528 297 353 461 652 366 672 1010 250 732
440 356 738 968 210 822 769 687 485 933 446 588 622 602 966 846 455 612 319 698 1014 809 808 908 543 778 792 118
260 357 368 554 299 522 542 460 26 444 192 415 123 188 544 425 365 314 315 215 522 307 362 408 222 581 313 437
559 599 722 500 346 317 265 803 332 563 166 85 442 543 880 400 653 662 190 378 639 573 697 581 566 923 430 390
245 351 71 815 542 855 893 134 382 609 549 776 313 177 297 700 265 73 638 473 662 371 208 534 158 240 542 675
384 512 239 539 556 620 682 419 289 323 434 610 142 179 311 435 466 297 576 230 379 87 137 249 271 520 271 697
830 947 716 220 868 456 566 903 612 164 639 635 523 643 679 266 927 779 793 387 109 398 584 234 735 999 290 983
574 702 337 577 766 726 809 529 496 324 629 773 349 371 238 511 641 449 779 376 334 178 198 244 455 600 363 907
348 433 452 482 311 430 448 553 81 410 125 326 171 275 609 353 452 407 277 176 491 327 425 391 316 674 269 437
120 12 411 899 279 840 833 334 344 773 438 669 415 325 643 770 102 277 433 557 847 581 511 722 239 428 653 376
771 860 786 125 685 118 229 938 506 327 440 333 504 645 846 126 876 793 561 340 369 500 692 396 716 1053 288 766
246 373 199 614 438 644 685 333 201 433 367 579 102 46 371 495 333 191 487 265 498 218 192 369 138 448 342 580
306 380 452 542 249 475 480 532 60 472 107 339 199 272 629 413 408 389 235 238 553 372 446 450 294 653 332 378
299 192 599 969 221 863 831 523 432 888 457 653 545 489 831 842 290 467 382 657 967 727 688 850 415 608 755 241
854 934 892 210 733 89 177 1037 588 439 495 333 604 744 960 240 959 890 592 444 475 612 803 509 809 1154 401 796
399 463 233 1010 710 1063 1101 132 587 789 751 982 520 386 331 901 364 256 826 677 831 549 356 709 352 82 739 832
335 388 234 1002 645 1037 1068 69 546 793 705 940 497 357 383 888 289 214 769 660 842 553 372 716 306 53 730 762
314 369 224 988 624 1019 1050 49 527 781 685 921 480 340 385 872 270 195 748 644 832 542 364 704 287 72 715 742
13 142 289 799 316 771 780 264 259 653 393 632 294 192 519 672 114 161 438 449 724 450 378 596 105 378 542 444
642 757 561 226 680 385 481 739 420 53 458 498 336 464 576 162 741 606 616 195 130 244 443 111 553 843 98 799
269 342 431 577 230 512 516 501 50 496 135 371 198 251 617 448 371 360 241 262 577 379 435 469 264 622 359 365
781 897 680 189 813 415 524 864 559 121 584 584 474 599 659 216 880 737 738 334 91 360 552 199 689 963 236 928
620 673 747 412 436 219 174 848 370 507 224 44 455 572 884 325 718 703 286 355 578 557 703 537 610 969 386 488
737 858 610 267 802 477 581 799 535 79 584 619 432 546 576 261 832 678 743 314 5 294 478 132 638 893 222 924
237 261 481 694 112 602 586 501 170 624 193 419 308 315 691 566 320 379 199 389 704 495 518 595 288 617 486 253
701 750 832 428 500 202 117 933 455 560 304 69 538 657 964 363 799 788 341 431 626 632 785 599 694 1054 451 535
397 522 140 675 636 767 828 333 398 441 558 750 264 214 173 578 453 255 686 377 480 207 10 359 280 413 413 778
851 975 692 351 933 582 692 885 664 212 718 745 551 653 613 379 942 775 877 445 131 392 552 243 746 969 355 1057
391 440 271 1046 701 1088 1121 125 601 831 761 995 546 408 388 934 342 268 826 707 876 591 402 752 362 26 774 817
512 531 715 602 257 426 368 770 326 640 165 187 460 536 895 495 597 637 92 433 719 614 711 647 541 889 501 284
149 267 270 662 322 648 669 335 142 517 303 536 158 101 476 536 251 191 394 311 590 328 306 465 97 456 404 463
499 622 390 391 601 501 578 570 323 174 421 542 199 306 423 297 593 441 579 147 238 77 275 110 398 672 136 735
550 573 742 578 301 391 327 805 351 632 184 148 477 562 915 477 637 669 136 436 710 623 731 645 573 924 497 324
684 791 635 141 680 298 400 806 441 134 444 440 384 521 665 78 786 667 595 224 187 327 525 203 605 914 134 789
500 574 595 377 391 279 293 708 235 392 146 194 300 423 727 257 603 561 286 205 470 404 547 406 471 828 256 485
594 663 691 344 454 192 194 806 333 422 217 129 394 521 814 245 697 659 322 278 494 480 636 453 569 927 303 528
151 266 280 659 313 642 661 344 134 518 294 527 159 110 486 532 254 201 384 309 591 332 315 466 106 465 402 454
523 610 580 315 452 262 304 710 257 320 209 247 283 418 691 191 628 562 358 154 398 355 515 338 478 829 187 553
355 454 417 457 363 436 468 536 100 360 182 364 124 247 560 328 460 389 336 126 441 269 377 336 304 656 223 492
784 912 582 467 916 678 781 776 638 252 727 802 505 579 471 459 864 682 887 445 197 323 440 228 670 849 376 1050
543 656 491 287 578 380 460 658 316 143 364 440 239 374 544 179 644 520 524 92 225 196 389 143 459 767 15 701
139 132 429 797 174 724 713 405 244 695 318 548 346 296 656 668 199 307 316 468 772 527 500 652 234 514 565 297
506 544 677 521 295 357 314 752 285 559 118 138 405 497 843 413 599 612 146 359 637 547 659 570 517 873 422 350
424 442 639 625 176 477 434 685 259 628 123 255 401 461 829 509 508 554 37 405 708 569 647 623 459 802 485 236
567 664 581 247 528 258 328 729 308 242 289 312 294 435 665 118 672 583 440 134 317 319 499 271 507 845 122 634
826 917 832 110 741 144 254 988 562 347 497 379 554 696 882 164 931 844 616 389 377 538 733 421 769 1102 329 821
782 910 579 469 915 679 782 773 637 253 727 802 504 577 468 460 862 679 886 444 199 321 438 227 668 846 376 1048
64 81 334 873 328 836 839 261 326 729 446 684 370 263 565 745 47 199 469 524 800 524 439 672 172 362 617 440
358 456 422 455 362 432 463 540 101 361 179 359 129 251 565 326 463 393 333 126 442 272 382 338 307 660 223 490
393 455 235 1012 704 1063 1101 125 585 793 748 980 520 385 340 902 356 253 822 678 836 553 361 713 349 72 741 825
550 627 631 331 442 227 251 752 285 373 197 185 334 464 750 217 654 605 328 215 448 417 573 397 517 872 246 530
375 445 200 977 686 1030 1069 113 556 757 721 951 487 353 312 868 347 227 799 644 801 517 326 677 322 99 706 810
824 948 672 325 902 554 662 865 633 180 686 713 523 627 604 348 916 752 844 414 99 368 534 215 720 952 323 1025
484 556 591 401 368 297 304 698 223 412 122 191 298 417 730 282 587 552 263 216 491 413 548 423 461 819 274 461
81 209 236 749 349 737 756 256 228 592 381 618 236 124 463 623 170 124 450 396 661 384 314 533 41 376 486 484
287 307 524 676 97 569 547 551 185 625 161 376 330 353 729 551 369 426 149 390 706 514 553 602 334 667 484 229
293 386 399 525 302 487 506 495 30 428 164 381 134 220 567 396 398 349 299 195 507 310 383 398 258 616 293 436
74 112 306 879 362 852 859 225 340 726 469 708 370 253 536 752 35 171 499 528 795 515 417 666 160 327 620 476
332 389 225 993 643 1030 1062 64 540 784 700 935 489 349 374 879 290 207 765 652 833 544 362 706 301 61 721 761
649 775 483 391 766 569 664 676 488 140 577 665 359 447 432 347 736 565 736 295 138 185 345 83 540 763 234 898
271 332 455 597 198 520 517 514 84 526 125 364 231 276 646 469 370 376 212 292 607 413 465 501 280 634 387 331
271 356 130 892 580 930 965 64 448 684 612 843 388 250 321 777 260 117 689 550 735 445 271 608 212 163 619 707
452 533 541 396 372 325 346 655 186 375 134 244 246 369 676 270 556 507 289 166 456 360 495 378 419 775 234 479
382 422 571 572 198 450 426 632 183 554 50 258 322 392 754 450 475 496 115 328 635 489 571 546 400 752 411 295
148 244 331 667 258 629 640 378 117 544 259 497 192 164 540 538 253 241 334 324 620 374 369 499 146 498 421 400
367 495 193 586 565 666 725 378 308 367 462 647 167 163 273 482 442 263 598 274 418 127 93 290 250 476 318 707
372 475 92 849 667 922 971 190 485 621 653 870 386 273 188 746 384 201 754 531 661 384 187 540 281 240 582 802
139 259 264 673 324 659 679 325 153 526 313 547 167 99 473 547 241 181 401 321 598 334 305 472 86 446 414 465
349 265 649 930 163 804 762 596 419 874 408 582 549 518 877 805 364 521 308 639 954 735 723 844 455 688 735 145
375 497 98 715 630 799 856 290 405 484 569 770 281 207 168 615 422 222 691 407 525 248 50 403 260 368 450 771
347 424 471 498 285 432 441 564 86 438 97 309 198 292 635 369 450 419 246 205 519 358 451 421 325 685 296 408
601 722 487 313 679 466 557 671 406 72 476 554 296 410 488 246 696 545 636 195 135 167 363 28 502 770 123 807
562 689 399 428 694 574 659 590 416 179 521 637 279 359 374 358 648 477 678 246 210 98 264 95 452 681 213 830
648 768 540 270 711 442 539 723 443 20 498 553 342 460 534 220 744 597 658 223 92 220 414 64 552 823 135 835
759 866 706 80 745 293 402 879 513 173 505 472 460 596 723 108 861 742 651 299 196 393 592 253 680 986 209 849
218 239 471 712 114 623 608 485 180 636 214 442 313 309 684 584 299 365 218 402 716 499 513 604 276 599 499 256
82 206 264 731 319 711 727 288 200 583 349 586 224 131 487 604 183 156 417 379 654 384 331 527 67 408 472 455
787 915 590 451 913 664 767 784 636 240 721 791 505 582 485 445 869 688 881 439 182 325 449 221 674 860 367 1046
101 105 396 809 215 747 741 365 254 694 346 579 340 274 625 680 160 271 354 472 770 516 475 648 203 473 569 335
703 822 593 241 757 437 540 778 493 38 538 572 397 516 577 218 800 652 696 270 51 273 465 112 608 877 176 878
430 554 327 450 551 534 601 502 274 245 393 543 136 235 390 345 522 371 546 149 309 58 224 180 327 607 181 688
166 100 467 860 189 781 764 416 309 760 372 595 410 349 697 731 190 338 347 533 837 589 549 716 277 516 631 286
395 442 571 545 225 424 404 640 180 530 24 241 313 391 747 423 490 501 135 306 611 473 564 525 405 761 388 321
580 708 367 521 750 674 759 561 476 268 599 731 330 375 292 457 655 468 752 335 279 148 226 188 463 639 312 890
431 369 720 889 152 739 684 691 430 866 370 503 572 570 942 770 464 600 236 633 948 758 776 847 522 791 724 33
892 966 943 267 752 114 161 1083 626 499 521 336 651 790 1016 299 996 936 604 495 535 668 857 569 853 1201 457 806
274 212 570 859 107 748 716 532 336 792 342 538 463 433 796 732 306 445 271 558 872 649 638 759 374 632 655 171
703 807 667 111 683 264 368 834 453 170 442 420 408 547 702 51 806 694 590 244 218 361 559 241 628 944 161 787
612 680 706 335 470 175 178 823 350 425 234 128 409 537 826 242 714 676 336 289 495 490 649 459 586 943 309 541
776 879 739 37 743 251 362 908 523 218 500 445 482 621 765 100 879 768 640 318 244 430 629 297 703 1017 235 841
434 508 544 432 335 345 355 648 172 413 94 233 255 369 691 307 537 502 251 199 494 385 508 414 410 769 272 440
13 118 305 822 315 790 797 264 279 678 408 646 319 216 536 695 92 173 444 473 749 475 400 621 127 375 566 438
481 563 558 366 402 298 325 678 214 356 160 238 261 390 684 241 585 531 312 161 436 360 505 365 443 798 217 505
612 691 679 280 502 165 206 808 346 363 258 191 383 517 785 180 717 661 380 246 432 443 612 400 575 927 252 585
523 623 233 910 814 1014 1074 317 616 665 783 989 500 407 121 820 531 351 895 624 688 446 256 581 428 318 657 951
708 817 651 129 707 310 414 824 467 129 471 463 407 542 673 96 810 687 622 248 172 339 538 205 627 931 155 816
271 380 334 538 347 529 558 444 74 408 232 443 73 158 499 411 375 296 363 189 485 258 316 367 211 564 285 486
176 226 414 695 171 626 621 436 145 600 226 463 264 251 626 566 268 311 264 370 679 450 456 563 220 553 468 313
357 479 84 715 613 794 849 278 391 488 556 760 271 191 184 613 404 205 676 402 531 250 58 407 242 360 449 754
278 250 557 786 38 672 641 546 276 728 267 464 413 404 777 660 334 442 202 494 809 600 610 701 360 653 589 162
192 277 368 634 238 586 594 424 79 526 212 450 187 194 568 505 295 285 295 298 604 373 392 486 190 544 396 380
252 315 440 610 196 538 535 496 81 532 144 383 226 263 634 482 351 359 224 298 613 410 455 504 263 616 395 333
740 828 762 145 652 111 218 911 475 322 407 307 476 617 829 114 845 765 529 315 371 481 672 386 687 1027 270 734
726 788 822 339 558 109 60 940 466 491 337 139 525 654 934 286 827 793 408 395 552 593 761 539 703 1061 396 609
528 654 380 424 655 555 636 568 376 183 483 606 241 327 379 343 616 450 640 211 228 66 251 101 420 663 190 790
489 574 556 350 418 292 325 681 222 339 178 248 259 391 678 224 594 533 330 149 418 349 499 349 448 800 200 523
187 237 420 685 168 615 610 446 138 594 215 451 261 255 630 557 280 320 254 363 673 448 459 558 228 564 460 310
472 545 256 1020 782 1092 1138 213 637 788 804 1029 553 428 285 918 446 316 890 702 823 553 354 706 410 161 754 908
418 453 609 571 211 434 402 670 220 570 67 229 356 429 789 453 509 534 94 349 650 518 606 567 438 789 427 290
830 892 919 346 657 111 47 1042 570 543 441 228 622 754 1019 332 931 895 502 482 593 673 850 601 806 1162 468 698
546 662 247 794 809 918 988 398 577 543 736 922 442 385 20 714 579 382 865 537 559 343 189 461 435 431 554 950
323 425 382 487 357 473 504 499 82 374 202 397 94 210 532 359 427 352 347 145 454 257 349 342 267 619 243 491
224 350 221 615 405 633 669 339 172 445 340 557 96 46 402 493 317 193 456 263 514 240 224 385 126 457 346 547
161 140 343 965 424 939 945 210 427 806 553 790 453 328 566 839 58 217 571 613 873 588 470 743 236 287 703 524
379 508 200 581 575 665 726 387 317 359 469 651 174 175 269 479 454 274 606 274 409 119 92 281 262 484 315 717
413 498 176 942 719 1011 1058 175 561 712 728 951 473 350 236 838 401 248 820 621 750 475 277 630 340 175 674 849
219 217 489 751 94 657 638 487 219 676 247 468 349 335 708 623 288 376 227 442 756 536 541 643 292 599 539 231
670 798 418 613 865 785 875 605 593 362 722 854 446 469 268 564 734 538 874 459 349 270 285 292 551 664 430 1005
746 835 764 135 661 118 226 914 481 317 416 317 480 621 828 110 851 769 539 317 364 481 672 382 692 1030 269 744
136 75 378 944 363 903 902 268 396 800 508 743 442 330 607 816 45 245 514 596 870 592 494 742 237 351 689 459
723 852 479 591 905 779 873 668 630 348 749 865 485 520 330 556 791 596 904 477 321 301 344 289 605 727 436 1044
707 834 505 465 847 657 755 699 569 225 667 760 432 501 409 435 786 604 826 386 195 248 364 177 593 776 329 982
818 927 749 95 811 335 447 927 577 196 571 531 515 649 749 173 920 793 717 358 191 431 629 279 735 1031 265 915
463 551 207 953 767 1034 1086 228 598 717 766 985 501 386 208 854 454 296 863 643 749 485 286 634 385 215 689 899
296 212 595 909 153 797 762 542 384 840 392 584 507 468 825 783 310 467 313 607 920 692 672 806 403 636 704 182
395 503 99 824 681 905 959 230 485 591 652 864 376 274 150 723 415 224 761 513 628 356 157 509 295 280 559 818
514 632 436 341 584 442 520 609 311 151 387 490 207 332 481 241 612 474 546 105 227 133 328 115 422 715 78 713
454 579 333 446 580 544 614 513 302 230 420 563 164 255 378 347 544 387 573 167 289 34 221 159 348 615 183 717
87 68 388 843 249 786 781 338 288 720 386 620 362 282 619 714 122 257 393 502 795 533 476 670 202 442 598 361
528 644 460 317 584 417 495 631 314 142 379 471 221 351 507 214 627 495 539 97 221 159 354 121 439 738 51 710
407 488 506 435 339 370 388 613 141 393 113 273 216 331 652 308 511 466 273 169 475 349 469 387 376 734 251 452
369 406 567 590 179 468 444 622 183 567 67 275 325 388 753 467 460 487 109 339 649 495 571 557 391 741 425 279
738 857 629 224 786 435 540 814 525 73 562 584 432 552 607 221 835 688 719 301 48 309 500 147 643 912 204 905
582 704 294 734 825 874 951 464 576 482 728 898 433 403 100 663 627 427 866 505 490 304 197 401 466 507 508 967
302 425 63 713 560 775 824 250 348 497 515 726 239 141 237 604 353 156 628 385 547 257 96 420 187 345 442 701
361 435 184 961 672 1013 1052 104 540 742 705 934 470 337 305 851 336 211 783 627 786 502 311 662 306 109 690 797
752 880 536 506 901 707 806 729 623 275 724 815 485 546 415 485 828 641 883 443 234 299 395 233 636 798 385 1037
209 337 203 638 409 656 691 316 189 465 357 577 120 24 392 516 298 169 467 286 532 254 218 403 105 434 368 551
651 780 427 532 821 705 796 620 545 281 662 781 401 446 318 484 724 535 817 391 271 215 287 212 534 691 354 960
937 1002 1011 360 768 175 159 1142 674 589 552 338 716 851 1096 385 1039 995 612 567 627 748 933 656 908 1262 538 807
451 537 201 954 756 1032 1082 213 591 720 759 979 497 379 218 853 440 285 854 640 753 486 287 637 375 201 689 887
751 880 538 499 898 700 799 731 620 268 720 809 482 546 421 478 829 643 878 439 226 297 397 227 636 802 379 1034
908 980 963 289 761 130 162 1102 642 521 533 341 670 809 1038 321 1011 954 612 516 557 690 879 591 870 1220 478 812
58 156 320 760 269 721 727 317 211 627 338 577 269 191 546 631 160 202 383 413 701 438 392 576 123 433 509 401
326 369 256 1017 633 1045 1073 73 548 812 704 941 507 366 414 901 271 220 762 672 863 573 396 736 309 55 744 747
153 185 417 739 166 668 661 420 187 640 265 499 298 266 637 610 235 305 283 412 719 482 473 601 220 534 510 302
178 285 131 814 480 835 865 136 344 624 506 739 299 158 362 695 201 11 584 465 683 391 254 553 107 256 542 612
501 628 330 478 652 602 680 521 376 237 498 638 232 296 326 394 583 409 651 241 277 47 198 154 388 613 237 791
590 679 630 250 517 206 268 769 325 296 272 255 337 475 723 131 695 622 412 187 368 379 554 331 541 886 183 613
525 529 748 663 243 480 415 789 366 701 214 237 505 570 936 558 602 661 88 491 780 666 754 706 567 905 561 239
161 38 452 924 270 857 844 369 369 806 450 676 449 365 684 795 135 318 430 587 881 619 552 757 280 457 684 354
200 322 107 744 475 774 810 201 299 551 466 692 233 94 333 627 252 65 560 398 611 319 197 481 90 316 472 612
225 353 152 665 454 697 736 280 240 477 408 626 155 31 344 547 301 140 518 318 539 251 177 409 107 395 393 595
820 897 868 227 691 46 138 1009 553 439 455 289 577 716 946 233 924 862 549 422 482 598 785 505 779 1127 386 753
365 277 665 947 179 819 775 608 438 892 424 595 567 535 894 822 376 536 321 658 973 753 740 862 472 699 753 149
177 274 147 838 484 857 885 116 361 649 521 756 322 181 375 719 187 33 594 488 708 416 275 578 122 237 567 613
244 173 542 871 138 770 743 496 336 793 362 567 455 414 771 744 268 415 303 561 872 639 618 757 349 595 658 210
672 797 399 687 890 854 940 577 626 435 764 910 478 479 215 634 726 527 911 513 425 315 280 362 554 623 494 1031
594 721 339 621 799 773 856 527 533 368 670 819 386 395 207 557 655 459 818 422 372 223 206 289 475 589 410 941
427 552 161 679 666 781 845 352 425 441 583 771 289 244 149 586 481 282 714 393 475 213 38 358 310 426 423 808
308 421 10 785 592 846 893 191 403 566 571 789 307 191 225 677 338 140 674 456 613 326 144 487 206 277 514 729
645 773 397 598 838 766 854 587 567 346 695 830 420 444 260 546 710 515 847 434 338 243 262 274 526 649 408 978
149 258 157 807 450 820 847 154 323 624 483 717 290 149 388 686 179 22 557 456 685 395 271 555 83 275 537 582
314 365 235 996 624 1026 1055 54 531 791 689 925 487 347 396 880 266 201 749 652 842 552 375 714 292 68 724 740
305 339 520 633 137 528 508 563 158 586 118 341 305 345 717 507 394 432 143 352 667 485 538 566 337 681 444 262
751 831 795 201 636 50 155 936 484 382 396 261 504 643 875 172 855 789 503 349 433 527 713 443 707 1054 317 708
354 307 638 832 72 697 654 618 350 793 309 473 491 486 859 709 398 521 199 559 875 677 692 771 441 723 652 82
733 785 852 403 539 169 77 959 481 551 337 108 556 679 976 349 831 813 381 439 614 639 799 596 721 1080 450 576
565 625 684 397 406 239 221 788 310 461 175 101 391 509 820 295 665 642 269 295 536 496 640 485 550 909 334 475
623 730 584 194 623 306 398 750 380 139 391 413 325 463 629 90 725 610 545 163 211 284 480 186 546 860 78 736
480 596 181 775 745 885 950 341 519 530 681 875 389 322 53 687 514 316 806 497 555 313 135 447 369 386 524 885
154 280 226 673 363 673 699 302 178 514 342 573 158 62 435 549 248 155 437 320 583 310 268 455 67 422 409 504
617 719 607 192 590 255 342 764 363 198 351 355 332 473 670 64 722 621 501 166 267 322 513 242 550 878 111 696
417 546 217 580 615 678 744 409 354 348 502 677 208 214 247 484 490 304 642 292 391 112 87 267 300 499 320 756
520 643 238 704 760 831 903 418 513 455 667 843 372 338 98 625 568 368 802 453 473 256 132 372 403 472 466 902
657 784 394 648 864 814 901 578 597 395 732 873 450 460 231 594 716 518 881 477 386 281 267 323 538 632 455 1006
555 569 761 618 288 428 359 815 371 671 209 182 504 581 940 517 637 682 125 471 749 655 756 682 586 933 534 295
305 214 606 931 174 819 783 545 404 861 415 605 526 483 836 805 313 476 333 628 941 710 686 826 415 636 725 193
115 95 413 824 209 758 750 375 270 713 354 586 359 294 643 695 162 286 354 489 789 536 494 667 222 481 587 324
655 714 765 368 485 168 131 875 398 483 264 83 469 593 889 290 755 729 337 353 550 554 712 520 637 996 372 540
605 731 336 664 823 816 898 519 562 410 704 858 415 412 177 600 661 462 849 461 413 260 213 332 487 573 452 965
461 520 288 1063 773 1123 1163 193 651 837 816 1046 580 448 350 957 421 321 891 735 876 599 403 756 416 107 794 893
373 303 667 896 131 761 714 629 405 853 373 533 542 525 892 773 400 543 260 619 934 728 731 828 471 726 713 90
406 482 200 974 715 1036 1079 151 573 748 740 967 495 366 280 868 383 250 824 648 788 510 314 667 344 132 705 842
443 559 144 778 713 877 938 305 493 537 657 857 369 292 88 685 476 278 778 487 567 311 119 454 334 356 521 853
588 712 311 690 816 835 914 490 559 436 706 868 414 399 142 622 639 440 848 472 443 271 196 357 470 541 470 958
347 455 55 815 635 884 933 194 447 590 615 832 348 235 195 710 368 176 719 493 632 351 157 509 249 261 546 772
732 813 777 204 620 63 160 918 465 372 379 252 486 624 859 162 837 770 489 331 425 512 696 430 688 1035 302 694
403 405 641 684 123 538 493 669 278 676 171 312 425 468 841 566 478 546 41 449 758 601 662 667 453 784 533 177
315 444 162 615 524 677 729 336 280 407 440 639 150 112 290 505 390 214 568 286 463 171 108 333 198 440 343 666
702 812 639 145 709 327 430 814 465 111 475 475 399 533 657 110 804 678 628 243 155 325 524 188 619 920 149 820
