2
5
8
20
230
100000
20000
100
40
300
1 0 
0 1 
0 1 
1 0 
0 1 
0 1 
0 1 
1 0 
20080 23400 37920 30640 8560 25960 8800
10880 26360 29560 26000 17040 11920 23000
16600 11000 14000 3680 22120 33400 31760
19760 5920 20120 9840 19880 36840 28680
11560 23840 30520 25600 13240 15880 19040
16640 35240 32000 31640 27120 2400 32600
24720 5120 27920 17560 18560 41320 25360
26080 7640 32320 21880 15920 41760 21040
6920 25480 16920 17520 24280 14520 33200
21200 6920 30560 20440 9960 36160 16480
17320 31000 36040 32280 19200 13560 22360
14040 24160 5680 10960 29360 25520 39200
6440 15960 23440 17080 11000 20480 20280
10880 8800 19280 10280 13680 27760 23600
2640 19120 16320 13160 19000 18680 28480
8440 13400 14480 7400 18040 25360 28040
3400 16320 19440 14000 14720 20040 24280
14280 21320 4800 7640 27960 27640 37920
12880 9280 25240 16360 7640 27960 17480
11560 31120 25200 25560 25800 6120 33040
846 599 469 802 181 399 641 893 285 545 593 507 450 798 427 331 718 203 590 820 385 404 577 528 471 776 256 765
387 508 665 384 347 651 310 533 469 322 343 402 307 505 516 549 266 430 474 377 107 172 114 147 20 358 226 390
451 330 569 516 367 581 117 691 629 526 141 239 508 690 406 487 371 418 679 310 292 130 230 63 223 248 281 552
641 658 655 569 277 603 575 643 172 292 568 548 197 545 557 513 510 362 352 678 195 345 398 422 297 657 221 521
308 461 738 415 529 754 156 603 730 537 252 393 550 639 574 661 270 588 698 138 368 289 199 157 269 98 428 478
880 704 570 815 280 497 724 884 210 527 685 610 428 776 535 436 749 311 541 882 419 483 621 598 515 846 331 766
518 940 1022 366 644 980 738 324 413 119 782 830 191 185 901 885 420 735 100 695 381 593 441 581 419 722 548 270
498 324 655 619 561 693 104 808 851 719 157 304 716 842 499 616 475 591 878 260 507 343 388 263 424 175 495 683
681 310 352 698 123 337 356 842 499 568 293 207 504 796 215 237 573 149 683 578 312 161 414 291 332 517 140 700
606 422 472 597 127 444 378 729 394 440 347 312 374 672 345 343 486 211 553 551 189 136 332 258 233 505 16 588
230 766 942 122 605 925 506 256 567 234 575 667 307 263 794 823 126 694 380 407 302 448 207 375 258 446 484 114
616 617 627 553 247 580 531 640 215 299 524 506 210 550 523 487 485 336 377 640 160 301 365 380 261 617 181 512
976 398 121 990 287 50 605 1126 634 821 516 368 740 1064 181 59 869 195 905 854 585 455 709 580 623 783 398 985
702 893 885 578 513 827 771 577 171 241 782 781 175 442 796 743 579 593 172 814 365 563 526 609 453 815 458 497
559 209 514 647 422 546 98 828 745 672 9 159 649 835 354 467 500 444 823 361 430 231 372 209 369 279 373 692
298 521 825 441 642 848 220 630 841 622 320 472 648 689 662 759 311 697 784 48 478 401 293 271 377 38 543 520
113 655 914 247 653 919 351 435 754 475 446 580 523 501 751 822 130 727 631 158 409 428 205 301 312 220 536 331
709 791 764 609 396 705 702 644 76 285 700 682 190 523 681 622 580 472 277 782 305 478 495 546 404 771 355 542
434 534 656 408 313 633 365 540 404 286 386 424 255 494 515 532 307 401 430 442 42 188 168 203 62 423 192 398
475 292 584 566 442 609 25 750 726 616 84 231 603 764 421 523 419 479 771 283 389 218 300 149 314 204 370 615
953 635 440 912 253 360 720 1002 363 652 661 556 555 905 439 318 826 234 686 915 494 492 682 621 577 866 352 875
65 754 984 121 687 981 459 309 718 399 547 669 466 383 826 880 74 769 545 283 406 485 230 375 327 345 566 212
673 937 951 537 574 896 792 516 251 208 812 825 175 375 854 809 557 658 97 808 390 599 527 629 466 818 508 449
849 696 579 783 270 507 703 852 186 495 668 599 395 744 534 442 718 310 512 855 389 462 592 574 485 821 310 734
530 822 882 406 503 838 651 426 292 71 680 710 48 309 766 743 410 593 136 657 261 476 376 488 324 667 412 330
668 934 950 532 573 896 788 512 252 204 809 822 171 371 852 808 553 657 94 804 387 596 523 625 463 814 506 445
519 966 1053 361 676 1012 759 303 444 147 805 856 223 159 931 916 427 767 120 705 409 620 458 603 443 735 579 263
560 475 823 711 764 871 303 898 1046 878 354 488 889 961 676 802 582 790 1039 306 692 545 541 451 601 256 697 792
959 355 90 980 293 58 574 1121 657 826 482 332 748 1065 140 52 855 204 917 827 583 438 695 559 614 754 397 980
956 997 892 840 573 818 948 838 201 504 935 893 425 698 848 757 829 625 419 1039 561 714 752 796 661 1027 574 761
498 471 814 648 727 857 261 836 994 817 326 469 830 897 662 783 519 759 979 244 638 501 480 399 544 193 653 728
689 608 577 632 204 523 563 718 200 372 541 501 279 625 489 435 558 284 433 697 228 323 431 422 324 667 179 591
418 474 628 421 315 614 293 570 468 351 316 367 326 541 478 513 300 396 499 388 113 135 143 131 57 360 195 427
350 1045 1225 205 877 1204 768 34 753 393 847 949 492 177 1078 1103 352 968 454 603 572 732 486 653 542 667 759 172
636 156 399 700 321 426 207 871 677 665 115 53 625 857 236 345 557 329 804 467 407 192 410 244 373 389 299 730
294 545 739 310 438 731 297 476 546 336 356 446 348 474 584 630 179 518 497 299 188 238 20 154 88 296 318 336
300 1008 1199 163 858 1181 726 60 758 396 808 914 494 207 1049 1080 310 949 474 554 554 702 451 618 515 620 739 152
553 981 1057 396 678 1013 781 335 426 160 824 870 223 189 938 919 459 768 92 735 421 634 483 624 461 764 585 298
619 866 892 492 513 841 719 495 231 156 739 753 103 365 789 751 498 599 117 741 317 526 457 556 394 748 440 411
508 270 583 609 475 615 46 794 774 668 75 228 655 813 423 535 462 504 823 296 440 262 350 201 366 212 412 661
830 708 604 760 281 534 702 825 155 466 671 608 367 715 553 465 699 329 481 845 373 460 577 568 471 813 309 708
456 658 748 381 379 714 488 472 328 165 514 547 128 398 619 615 325 471 302 527 97 312 238 325 163 524 271 341
853 264 164 883 240 170 462 1031 631 754 371 223 684 985 54 92 753 172 859 716 501 336 594 452 519 642 320 889
408 533 669 388 334 649 349 526 429 291 376 424 268 487 525 548 282 421 439 415 67 189 141 186 35 399 212 384
806 447 339 792 72 284 526 912 412 592 464 361 507 839 275 197 686 51 671 736 373 309 531 442 432 680 193 775
374 565 710 347 374 690 363 485 443 266 399 458 257 451 564 589 246 462 420 402 89 225 117 201 37 393 252 343
928 285 86 962 311 120 523 1111 695 832 427 274 760 1065 79 98 831 233 934 781 581 414 672 526 599 705 399 969
750 606 537 697 183 477 594 784 214 436 562 503 341 689 465 395 620 248 488 746 288 352 487 463 381 710 200 657
214 769 951 107 617 934 504 251 585 251 576 671 324 268 801 833 114 705 395 396 315 455 209 378 267 438 496 111
662 254 355 693 186 355 303 847 554 595 234 148 538 811 201 259 562 202 718 538 333 145 403 262 334 472 183 704
366 637 770 308 420 746 430 427 421 196 471 529 202 381 629 645 234 511 354 439 115 295 152 270 109 442 301 287
385 971 1113 216 751 1084 720 128 594 239 786 867 338 50 975 984 328 843 295 608 452 637 418 583 445 656 638 121
1087 501 169 1094 377 96 720 1223 681 905 630 481 819 1153 289 174 976 286 976 969 682 566 817 693 728 899 496 1084
597 351 700 732 668 750 233 922 978 851 254 372 848 966 556 685 593 685 1010 344 639 466 518 395 557 270 614 803
919 545 354 894 192 278 649 999 414 662 584 471 569 914 347 227 796 149 716 859 472 432 645 565 543 804 306 867
584 588 618 529 239 575 493 625 254 296 488 476 215 543 506 480 453 331 389 602 124 265 328 341 224 578 156 494
866 643 506 814 223 434 679 896 258 543 634 551 446 795 470 371 736 247 575 851 404 440 601 561 494 809 290 772
628 913 943 492 564 892 758 476 269 164 782 801 141 338 840 802 513 650 70 766 360 572 487 595 431 778 490 405
353 607 752 311 411 731 395 443 444 231 438 500 235 407 607 630 222 500 389 408 112 268 120 236 77 409 290 301
660 916 933 526 555 879 772 512 240 195 792 804 156 374 834 791 543 639 101 791 370 578 508 609 447 799 488 440
309 460 712 392 479 721 171 576 666 480 253 379 489 599 549 626 245 542 641 191 304 240 144 107 205 161 373 444
308 944 1112 140 761 1089 678 84 646 284 751 844 382 128 966 988 270 852 369 542 456 622 384 552 431 597 644 63
438 654 752 366 387 720 477 461 346 167 506 543 140 392 621 621 307 479 309 510 95 307 221 314 151 508 275 328
585 475 523 563 160 490 404 685 350 387 385 363 319 623 399 391 461 251 497 554 144 165 312 269 208 516 46 546
99 847 1076 95 771 1071 550 247 769 428 640 763 507 352 918 970 160 855 557 354 481 576 319 468 411 425 649 193
325 706 848 240 498 824 479 348 458 163 530 600 207 307 706 723 198 588 324 444 193 368 178 327 177 463 379 209
570 213 459 636 330 480 154 808 659 617 82 119 583 800 296 393 492 356 760 406 363 151 347 179 319 332 284 668
695 193 321 738 236 336 299 898 616 656 214 93 601 868 159 248 602 231 781 550 393 194 446 293 386 477 247 755
658 391 414 655 80 384 392 788 417 496 347 285 426 731 291 284 541 155 603 587 248 161 384 293 290 535 63 647
581 524 563 545 191 526 441 657 307 345 429 412 273 587 445 428 453 283 450 572 123 206 314 296 207 540 92 521
725 107 315 785 319 351 291 953 701 730 193 39 680 933 156 280 644 301 860 554 467 257 494 330 448 474 331 811
372 534 689 361 366 674 329 507 465 300 366 428 289 479 541 572 248 450 454 379 104 198 103 167 5 366 244 364
876 788 674 793 362 601 777 841 128 482 749 689 383 721 631 538 745 406 469 909 429 536 634 638 530 882 386 734
1064 402 53 1092 409 81 659 1236 763 943 562 408 864 1182 215 169 964 319 1032 918 699 547 805 662 727 841 513 1095
83 754 979 110 677 974 462 299 702 381 548 667 449 368 821 873 63 760 527 295 393 479 222 372 316 354 555 196
690 412 402 682 43 366 429 809 399 507 380 309 432 747 292 267 572 127 606 624 268 199 416 330 319 573 82 670
86 710 978 251 722 986 403 430 815 520 501 640 576 515 815 889 171 795 672 173 474 496 273 368 380 251 605 345
138 871 1090 67 775 1081 578 206 752 404 666 784 488 312 934 980 174 861 526 392 479 589 331 487 416 460 653 158
595 967 1021 445 641 973 785 399 365 159 820 855 192 255 909 881 492 730 25 761 406 621 496 624 460 783 556 350
296 482 769 418 569 788 175 607 767 563 275 421 581 651 606 696 277 626 725 99 404 328 228 197 304 63 468 487
183 621 905 335 679 920 314 521 821 560 414 559 602 593 741 825 221 745 719 72 465 443 262 309 364 151 569 422
596 406 470 592 138 445 358 728 412 446 327 295 384 675 337 344 478 218 563 535 191 117 322 241 227 487 36 586
211 924 1127 80 798 1114 638 132 737 379 722 833 470 248 974 1012 224 886 484 464 496 628 372 536 445 529 677 120
913 537 349 889 185 274 642 996 416 659 576 463 567 911 339 221 790 141 716 852 467 425 639 558 537 797 300 863
993 1017 900 878 592 824 977 876 232 542 962 914 462 736 863 767 866 638 456 1073 593 742 786 827 694 1059 599 799
391 468 792 534 652 824 194 723 890 698 284 437 715 779 632 741 401 696 860 136 529 416 363 299 432 74 566 611
563 820 865 443 485 818 663 463 255 109 687 708 45 343 754 726 441 575 140 682 264 477 398 500 337 689 402 368
225 611 814 237 510 807 345 410 582 325 415 516 358 423 659 706 104 592 486 283 240 314 55 220 152 302 389 272
1091 427 80 1119 432 98 686 1262 779 966 589 435 886 1206 243 192 991 341 1053 946 724 574 832 690 753 869 538 1120
320 675 823 251 477 801 448 372 462 188 499 570 221 337 679 700 190 567 350 422 173 339 149 296 147 437 357 231
632 513 523 598 145 481 463 708 300 389 439 404 310 634 414 385 505 237 483 612 176 222 362 328 256 575 78 573
1018 550 286 1004 285 200 708 1116 530 782 631 498 690 1034 335 197 899 211 838 936 582 512 744 646 645 875 407 982
284 600 779 269 459 766 357 424 519 281 415 499 302 415 627 664 156 544 442 337 178 281 56 212 98 345 337 282
418 412 735 550 603 767 139 739 857 687 227 380 696 786 575 685 411 644 848 171 500 370 350 262 407 90 522 621
1018 390 61 1040 349 24 626 1181 702 883 532 380 804 1124 185 110 915 258 971 882 643 498 755 618 674 808 456 1040
779 642 559 719 217 495 633 798 188 445 601 541 348 697 495 418 648 274 483 782 318 392 520 501 413 748 240 675
551 227 546 649 464 582 86 832 781 694 50 194 676 847 388 505 501 485 847 339 458 266 383 227 391 255 411 699
956 689 506 903 288 426 753 982 314 627 702 605 528 877 499 382 826 286 647 935 494 519 690 644 583 891 372 860
440 326 604 528 435 624 47 711 702 579 118 256 569 725 440 535 381 480 735 262 358 202 261 115 279 189 354 576
188 888 1091 43 763 1077 603 156 713 358 686 796 447 254 937 976 188 851 473 435 462 591 335 499 409 498 642 104
837 690 580 771 264 509 694 840 180 483 660 592 384 733 532 442 706 307 503 844 377 452 580 563 474 810 300 722
653 899 915 523 537 861 756 515 228 188 776 787 142 379 816 773 534 622 112 779 353 561 496 593 432 786 470 439
461 349 672 581 555 706 89 770 830 687 165 318 687 805 513 625 437 590 846 226 482 329 353 238 395 140 482 645
441 467 802 588 688 839 222 776 940 755 301 451 771 835 646 761 457 726 917 185 582 456 419 346 486 131 608 667
731 762 719 640 356 658 691 685 56 325 682 654 227 567 641 578 601 429 328 788 306 460 504 539 408 771 328 578
541 778 829 431 450 784 621 469 255 109 644 666 11 358 715 690 416 540 181 648 222 435 362 458 296 652 362 362
1009 355 19 1038 364 67 605 1184 729 895 508 354 818 1132 161 124 909 276 988 863 648 492 750 607 673 787 463 1042
843 143 208 899 348 261 408 1062 744 819 308 157 760 1033 82 218 759 299 939 671 557 359 606 445 551 590 397 919
555 274 613 671 551 656 126 859 862 753 137 269 743 888 461 583 526 571 910 319 529 349 428 289 453 234 496 731
664 845 847 547 471 791 721 561 163 212 732 733 133 433 752 705 539 553 180 768 315 514 480 560 404 767 411 471
599 303 652 726 621 701 200 915 938 825 209 323 818 951 507 636 583 636 983 350 605 424 496 363 527 270 571 791
924 607 426 886 221 348 688 979 356 632 630 527 536 885 415 299 797 205 672 883 466 460 653 589 547 834 321 851
1035 421 92 1052 351 18 651 1190 691 885 559 407 803 1128 213 119 929 259 968 905 649 514 769 636 686 832 462 1049
349 731 863 249 506 836 510 339 439 130 560 624 182 285 724 736 225 598 291 477 203 391 211 357 202 496 390 205
614 281 630 738 608 680 201 927 932 828 198 304 818 960 486 616 594 620 985 368 603 417 502 364 528 287 562 801
956 1037 944 832 617 871 975 818 231 496 967 931 425 675 895 808 832 672 396 1052 580 745 764 820 678 1044 609 749
239 547 833 374 619 849 240 563 789 556 340 486 586 619 669 756 241 680 717 55 427 379 233 246 325 90 512 451
120 700 921 150 621 916 413 338 664 362 496 612 419 387 763 816 13 703 515 271 343 421 164 315 261 320 500 218
955 517 291 940 222 211 654 1054 484 722 581 454 632 973 307 176 836 152 783 878 519 452 681 586 582 818 343 919
646 347 399 655 114 379 352 796 462 519 302 239 456 747 264 278 534 169 635 559 263 132 375 266 288 502 93 654
339 917 1067 173 709 1040 664 143 578 217 730 814 315 104 926 940 274 801 304 555 407 586 362 528 393 601 594 73
425 562 681 390 333 657 386 516 395 259 411 452 231 467 541 556 296 422 404 449 37 215 168 224 69 435 213 375
424 800 903 300 532 868 595 338 390 40 638 690 123 246 773 769 308 624 199 568 247 454 301 437 276 588 426 228
770 656 580 706 233 516 638 781 168 427 609 553 329 679 514 439 639 294 462 780 310 396 513 502 407 748 246 660
777 435 351 765 44 301 501 887 406 570 441 345 488 816 274 210 658 58 654 708 347 281 503 414 404 653 165 749
46 798 1036 124 741 1033 499 296 766 437 590 717 509 390 876 933 128 823 576 300 460 538 283 424 381 371 620 223
667 527 513 630 133 466 493 735 282 408 465 420 323 656 413 372 539 221 491 648 209 252 398 362 291 610 101 601
83 741 967 122 668 963 449 311 699 383 536 655 448 377 809 862 54 750 530 284 386 468 211 360 308 342 546 206
693 784 763 593 392 706 690 629 92 271 689 673 174 510 677 621 564 471 269 767 291 467 479 532 389 756 347 526
637 130 429 715 382 465 184 891 736 707 83 77 672 887 271 391 569 388 850 447 452 238 431 262 408 365 358 752
465 514 854 620 751 895 284 806 1001 807 358 506 826 874 700 818 496 787 968 215 641 519 472 408 544 181 670 704
147 622 884 276 632 892 318 465 751 485 413 549 527 526 721 795 149 703 643 132 399 403 194 274 300 188 517 356
444 1024 1155 276 788 1123 779 152 600 261 842 919 357 12 1020 1024 389 880 281 670 494 687 475 639 496 717 679 182
876 856 756 779 432 684 821 808 94 453 802 753 360 680 707 619 746 484 415 932 449 583 649 674 551 912 438 711
862 916 838 750 498 768 855 760 109 416 845 810 332 625 780 699 734 559 350 942 464 623 654 701 564 930 487 675
460 381 559 491 294 555 218 652 528 445 226 275 415 632 403 456 358 360 591 374 196 60 200 80 148 327 191 510
168 691 896 155 584 887 415 333 615 315 491 598 370 363 741 786 37 668 471 305 298 395 137 300 224 343 462 201
587 510 548 555 177 512 433 670 317 360 418 398 288 601 430 413 460 269 465 571 133 197 318 292 211 537 77 533
269 511 746 335 484 749 231 517 634 425 308 425 441 538 585 651 189 555 587 210 272 256 88 133 170 203 371 384
338 585 742 311 411 725 366 454 469 260 412 480 266 427 595 624 209 498 419 380 124 251 91 209 59 379 289 311
614 219 564 726 539 612 167 912 871 788 135 233 771 934 418 546 579 549 942 382 553 357 472 320 485 297 498 782
805 307 232 823 159 212 449 965 551 677 368 237 605 912 128 111 699 99 779 689 429 284 539 410 457 621 244 823
1108 456 107 1131 435 99 710 1271 772 969 614 460 888 1212 266 199 1006 343 1052 968 732 589 846 708 765 892 545 1130
205 567 811 289 548 814 274 476 674 433 360 485 463 513 649 716 143 620 594 176 318 322 115 197 217 197 432 351
763 415 346 755 34 301 479 880 419 569 419 323 488 812 260 206 645 57 657 689 339 262 489 395 392 633 154 741
872 499 338 852 141 269 596 964 413 634 531 421 544 884 308 201 750 98 699 807 431 380 598 513 497 751 259 830
187 637 849 208 548 842 361 387 612 338 437 545 380 412 692 742 68 629 498 270 276 348 91 248 189 299 427 254
335 595 751 304 418 733 375 444 466 251 422 490 259 417 604 632 205 505 410 384 127 261 96 219 68 385 296 302
916 720 569 852 301 492 753 920 236 562 710 629 462 810 544 438 785 322 572 915 455 512 657 630 550 878 361 803
1035 530 246 1028 306 160 707 1146 574 817 625 486 726 1067 312 175 919 223 877 942 608 523 762 655 666 877 428 1010
980 549 314 961 247 231 686 1070 481 734 613 487 641 986 339 206 859 182 788 907 539 481 706 614 605 848 367 936
476 631 713 410 344 679 474 507 316 198 493 519 148 434 585 580 344 436 327 530 71 285 243 311 155 521 236 374
456 807 898 331 523 860 612 362 361 14 651 697 96 260 772 763 339 616 174 595 249 460 323 453 289 612 421 257
997 646 426 959 286 343 750 1050 407 701 687 574 604 953 443 315 871 253 733 952 540 527 725 658 620 901 392 923
531 273 485 584 299 496 167 753 604 553 132 170 519 739 323 402 444 340 696 393 299 90 293 130 256 327 234 611
234 760 935 129 598 917 501 263 562 230 570 661 302 267 787 816 126 687 378 406 295 441 202 370 251 444 477 120
123 783 994 66 680 985 497 255 677 345 580 693 419 319 839 884 82 765 485 342 387 494 236 395 320 399 558 148
667 110 389 738 357 425 220 911 721 712 120 37 672 901 231 352 594 355 851 484 454 239 450 282 418 403 344 771
428 375 587 477 346 590 169 647 580 470 196 276 451 639 426 493 336 407 622 321 236 106 186 27 166 271 247 506
554 785 831 442 452 785 632 477 245 117 654 673 23 364 719 692 429 541 175 661 231 443 374 469 308 664 367 373
902 429 235 901 181 169 576 1027 514 710 498 368 626 957 222 100 788 91 788 808 486 388 630 520 536 744 301 888
197 614 902 350 682 918 307 536 831 574 408 555 614 608 739 825 236 746 733 58 473 445 271 311 372 140 573 437
487 674 748 406 374 710 515 487 296 161 536 562 105 405 624 613 356 466 284 559 114 328 271 352 192 555 272 360
954 901 772 857 474 695 885 883 173 530 860 801 438 752 739 639 824 514 482 1006 523 645 725 742 625 983 497 788
462 347 553 508 320 557 172 676 574 486 180 246 461 665 393 460 369 377 635 349 242 79 216 60 185 294 228 535
264 553 761 294 469 756 291 468 579 356 358 458 375 476 604 656 156 547 518 268 222 261 20 162 123 271 350 329
585 965 1023 434 644 976 780 388 373 154 817 853 192 244 910 884 483 733 35 753 404 619 490 620 455 776 557 339
749 315 292 764 116 270 412 905 512 619 340 228 548 853 172 169 641 96 724 643 369 229 481 358 397 579 186 763
215 749 931 124 598 915 486 271 576 249 556 651 318 284 781 814 106 687 398 385 297 435 189 358 247 424 477 131
615 895 928 482 548 877 739 472 264 150 764 783 122 337 823 787 499 635 80 750 341 553 469 576 413 760 472 396
135 803 1012 44 694 1002 519 233 680 342 601 713 419 302 857 901 103 780 478 362 398 512 254 415 335 420 572 131
319 500 703 351 418 699 253 521 560 375 310 403 379 520 546 599 214 494 535 285 198 203 59 108 96 270 301 381
337 509 823 483 659 851 218 671 873 663 315 469 686 732 662 764 354 709 825 81 511 419 332 294 411 46 565 563
582 953 1010 433 631 963 770 392 362 144 806 841 179 249 897 871 478 720 30 746 392 607 481 609 445 768 544 339
464 343 666 583 550 699 84 772 827 686 159 312 685 806 507 619 439 585 845 230 479 325 353 235 393 145 477 647
993 530 278 979 259 195 682 1093 517 761 606 474 670 1012 316 179 873 184 820 910 558 486 718 619 620 849 381 958
483 348 533 520 288 533 201 683 547 477 197 242 445 665 375 435 384 347 621 380 225 47 228 87 180 326 196 541
1031 529 248 1023 301 162 704 1140 568 811 623 484 721 1062 312 174 914 218 872 939 603 519 757 651 661 874 423 1004
488 462 576 480 246 556 329 619 418 361 331 350 317 575 434 455 367 330 496 455 99 116 214 178 115 421 124 477
670 270 350 697 166 346 321 848 538 588 253 165 529 809 201 248 567 184 709 552 328 150 408 272 335 487 170 705
405 592 715 360 365 690 405 482 398 231 436 482 212 434 575 589 274 455 380 447 61 246 160 242 78 440 245 342
482 437 777 627 684 818 217 816 952 782 284 430 793 871 623 742 493 717 944 227 597 457 445 357 505 165 610 704
780 868 818 670 461 754 786 685 71 337 783 759 251 554 746 677 653 531 287 864 389 560 576 630 487 854 433 596
622 489 510 594 136 471 439 711 325 399 414 379 324 641 396 374 496 228 499 593 173 198 350 307 244 555 53 574
519 950 1033 364 656 991 746 317 423 129 791 839 202 176 912 896 423 747 105 699 391 603 447 589 428 728 559 268
776 685 608 706 262 544 660 774 139 417 634 581 318 668 543 467 645 323 443 795 320 419 524 521 419 766 270 656
247 526 804 369 584 818 220 558 755 531 318 460 557 607 640 724 230 646 693 89 393 345 203 211 291 98 477 441
57 806 1041 114 743 1037 508 285 762 431 598 723 504 379 882 937 129 826 568 311 460 542 287 430 383 381 622 214
949 667 482 901 270 402 737 983 327 630 683 584 532 882 475 359 820 264 656 923 488 504 681 630 574 877 359 860
692 478 453 668 73 408 475 782 332 463 436 374 381 709 355 313 568 163 551 651 246 236 419 359 315 606 87 646
675 655 633 606 259 578 589 680 159 328 576 546 231 580 543 491 544 339 379 704 223 355 428 441 325 680 220 558
234 757 932 132 594 914 498 266 560 230 566 657 300 270 783 813 125 684 378 404 291 438 198 366 248 441 474 124
769 556 474 728 130 414 571 826 276 486 530 458 394 738 406 332 641 186 547 743 309 332 499 453 393 701 181 696
779 966 938 649 574 876 855 631 195 315 863 856 258 489 859 797 660 648 209 898 449 643 611 693 538 900 530 563
649 126 459 738 442 504 184 919 794 752 94 124 722 924 309 436 592 444 899 441 502 291 462 296 451 356 416 782
233 589 797 257 500 791 321 432 587 342 392 495 370 446 640 691 120 580 504 269 239 297 40 198 145 283 379 295
746 649 586 682 230 525 620 758 166 405 595 544 308 657 513 444 615 297 445 758 286 380 490 482 384 727 231 636
495 272 549 577 402 571 65 756 696 603 68 199 584 763 385 484 430 438 756 317 367 183 300 138 300 241 334 620
374 469 788 515 639 818 185 704 871 677 279 433 695 759 627 733 381 685 839 120 510 401 342 282 412 53 551 591
777 146 251 827 292 285 354 989 685 746 258 104 689 960 90 216 689 258 869 615 484 285 535 376 478 537 329 846
221 913 1109 69 775 1093 632 123 707 349 713 820 441 224 957 992 216 864 455 468 472 611 358 523 425 530 655 90
445 882 985 298 612 948 669 288 431 79 717 773 177 173 856 850 344 704 164 618 330 537 368 514 355 647 508 207
279 950 1131 119 787 1111 676 72 688 326 753 853 423 169 983 1010 261 877 416 523 482 637 390 558 447 583 668 80
853 722 607 782 295 535 722 845 163 486 690 624 387 734 562 470 722 338 496 868 396 481 600 589 495 836 329 730
558 757 799 455 419 753 612 500 230 141 630 645 42 391 688 660 431 509 207 652 208 417 364 450 290 652 336 390
867 838 739 773 414 667 805 806 88 449 785 735 354 680 689 601 737 466 417 919 436 567 637 659 538 898 421 706
308 509 714 341 428 709 258 511 565 373 318 412 379 512 556 610 203 504 533 279 203 214 50 117 101 268 310 372
509 945 1031 355 654 990 739 309 428 125 784 835 202 169 909 894 414 746 114 690 387 598 440 583 422 719 557 258
415 442 614 434 322 606 252 592 505 388 277 336 367 571 460 505 305 397 538 361 153 113 145 91 87 327 208 449
501 420 762 644 678 805 214 833 954 792 274 417 800 886 610 730 509 709 953 245 602 455 455 359 511 180 608 719
604 547 569 561 191 528 473 666 277 343 459 437 263 589 458 432 476 283 437 603 143 237 340 328 233 572 111 532
514 453 554 505 220 532 338 641 408 374 333 341 325 594 415 431 393 304 505 476 112 112 239 193 140 439 99 500
670 135 483 768 490 533 207 952 844 797 132 167 769 962 340 472 621 489 945 450 549 340 498 335 494 364 466 817
1000 357 35 1027 349 55 600 1172 713 881 505 351 803 1118 156 109 899 261 973 858 635 482 740 598 662 782 450 1030
274 515 741 330 471 741 243 509 613 406 315 426 420 524 581 643 185 544 567 230 252 247 68 130 150 224 356 373
772 349 290 779 96 258 447 915 490 619 376 264 544 857 189 157 660 59 717 674 375 254 501 386 412 612 188 774
431 438 601 446 305 591 261 601 492 388 280 331 362 576 448 490 320 380 535 378 144 102 160 103 92 343 190 459
472 393 728 607 627 766 160 796 899 741 229 377 747 843 572 689 468 660 902 220 547 401 404 304 457 144 554 678
509 327 507 547 270 507 206 709 549 495 189 219 460 688 348 409 411 326 637 400 239 35 255 111 203 343 187 567
319 639 793 269 453 773 413 402 467 218 463 534 240 373 647 671 188 542 380 399 153 305 118 260 112 409 332 260
295 538 845 442 663 869 239 630 858 634 339 492 662 694 682 780 316 718 796 39 495 422 308 292 394 56 564 524
889 338 161 906 218 128 521 1045 593 750 435 292 673 989 124 28 782 133 843 768 507 368 623 492 539 698 320 904
713 73 421 801 456 473 248 981 825 805 157 127 769 982 282 416 655 446 948 502 550 336 522 355 505 417 447 844
148 645 922 301 683 934 338 486 808 536 437 580 582 560 758 838 192 752 693 107 456 450 251 318 356 183 570 389
803 43 309 877 419 368 346 1050 808 839 246 129 791 1037 187 324 732 386 971 607 577 365 588 421 552 523 441 909
945 289 71 980 329 116 536 1130 712 851 439 285 779 1083 92 111 848 250 953 795 599 432 690 542 617 718 418 987
577 754 787 476 407 739 618 521 209 162 632 642 63 412 679 647 449 496 217 666 212 416 377 455 299 663 328 412
891 603 443 850 201 369 667 942 325 595 614 517 499 848 419 311 763 200 637 856 432 435 620 563 514 809 292 814
370 397 661 456 455 675 108 640 682 526 189 320 526 658 497 582 309 511 685 215 325 214 197 89 235 159 360 507
1012 560 303 995 279 218 710 1105 512 769 634 504 676 1021 345 209 892 209 822 935 573 510 738 643 638 875 400 971
