2
5
8
20
230
100000
20000
100
40
300
1 0 
1 0 
1 0 
0 1 
0 1 
0 1 
1 0 
1 0 
28960 12840 22800 8800 26640 19680 17480
27080 35480 11640 22840 11480 13480 37800
17040 25400 21440 20040 12680 20640 25280
20960 22160 19520 15720 16200 18000 23400
40080 30000 8000 12360 28400 4440 36520
2880 37960 40080 39200 19640 40040 32640
31160 9160 40240 24840 37880 37200 480
21680 36360 17720 26320 5320 19240 37120
29040 41280 14680 28440 11680 17520 43240
15520 21960 26280 20920 17200 24880 20320
22000 16760 23840 14840 21320 21600 17640
14680 23040 38160 29840 26280 36520 16440
38520 7960 29600 11240 37320 25840 17120
33640 23320 11760 7080 24600 8240 29040
43840 22600 19680 7720 36240 15800 31000
4000 34000 39560 36680 21080 39120 28280
17480 33080 20320 25200 5160 20960 33000
4920 35120 32840 33520 12640 33000 31480
47840 24960 22280 11640 40080 18560 33800
32720 6080 29040 12200 33000 25600 12880
522 401 272 596 393 480 240 171 509 197 188 253 564 547 828 108 285 326 392 600 773 453 743 550 50 365 839 673
720 295 646 313 145 186 218 542 284 358 369 277 224 868 722 457 498 445 339 723 472 50 340 826 449 705 436 441
216 665 253 546 598 486 483 438 449 499 171 251 745 351 596 410 595 112 274 290 697 572 818 297 289 229 918 559
742 374 411 794 455 666 317 124 718 177 432 482 615 701 1068 135 90 569 626 834 971 579 861 734 253 525 948 889
563 567 647 110 423 104 437 667 13 557 350 249 479 783 441 591 702 324 162 520 280 287 417 709 525 660 511 182
482 449 464 305 338 205 283 465 215 378 162 53 460 647 574 391 518 208 131 490 481 276 523 595 322 498 624 379
250 794 154 769 761 703 623 440 671 590 352 454 923 153 774 455 640 335 497 383 919 767 1030 172 350 41 1130 779
487 847 733 311 709 391 698 851 287 799 499 441 766 758 155 791 937 388 296 382 337 576 650 657 694 699 729 201
236 736 450 426 632 413 559 610 339 618 272 276 747 484 399 565 737 131 188 200 548 554 746 394 452 411 841 400
1167 629 1146 535 530 528 681 1021 603 809 860 757 372 1354 950 938 921 904 757 1131 534 450 194 1298 948 1200 109 637
584 696 736 120 550 218 570 788 124 689 453 363 584 832 329 715 833 392 241 511 197 402 460 745 639 732 542 58
831 719 943 185 568 292 649 936 283 786 643 538 526 1070 503 855 931 616 455 759 83 406 290 988 806 955 342 212
683 400 351 769 462 644 314 64 689 184 384 444 628 641 1024 88 143 519 586 777 947 573 860 673 199 465 950 858
906 82 665 684 232 554 220 417 643 209 526 505 336 949 1066 359 242 660 633 958 842 394 623 952 448 767 692 808
531 411 498 291 292 176 253 472 210 362 199 94 411 691 600 394 505 257 167 538 469 228 482 642 339 539 582 381
243 942 589 553 833 580 766 796 487 823 475 483 937 517 316 760 938 333 377 109 625 742 894 406 643 516 983 479
365 757 586 322 632 351 594 712 255 679 360 318 718 626 280 656 812 241 179 286 416 522 662 532 553 555 751 267
941 63 723 661 204 536 244 485 630 269 558 522 274 1002 1062 422 317 686 641 985 811 363 568 998 502 820 631 791
438 981 754 476 851 546 820 921 443 904 574 543 921 715 117 871 1034 441 405 308 492 728 816 605 763 696 894 365
724 158 521 538 164 405 36 330 481 117 341 317 333 792 890 250 252 473 449 771 708 287 566 782 299 611 653 652
854 413 827 285 271 223 395 728 318 534 537 434 203 1031 732 643 667 586 447 832 385 137 153 979 636 877 250 417
318 873 614 439 753 477 704 783 380 778 440 422 844 594 238 736 904 303 295 204 506 648 782 488 625 560 869 360
901 301 816 403 182 311 333 673 415 461 549 460 71 1049 846 590 580 627 510 898 517 143 240 1009 608 882 314 537
926 550 943 287 412 289 535 864 356 675 645 537 318 1127 713 779 808 670 516 884 315 274 58 1064 763 983 146 396
457 477 199 617 462 510 313 188 525 272 172 263 632 470 806 156 345 291 387 545 792 508 794 475 36 288 892 680
441 460 401 364 365 267 283 417 271 357 99 9 502 589 596 348 491 168 150 464 538 327 584 543 268 437 684 428
700 550 760 70 397 97 459 740 127 594 458 350 402 915 517 659 739 455 295 654 217 237 284 844 612 784 376 204
255 625 262 515 556 450 443 417 418 464 130 210 703 389 596 383 566 89 245 319 671 531 780 339 264 255 880 536
229 688 384 444 594 410 508 541 351 557 209 232 720 448 467 498 673 67 182 234 582 533 746 369 384 355 844 438
582 356 316 620 367 498 212 146 538 141 242 292 539 598 877 65 225 382 435 659 798 448 739 606 97 416 833 706
906 254 606 812 387 679 309 324 755 205 552 566 512 897 1154 299 116 694 707 981 980 543 793 920 415 717 867 927
706 718 846 113 566 245 617 871 193 747 554 454 564 953 389 794 893 507 350 630 77 406 383 867 730 848 451 82
654 1014 931 424 868 537 879 1051 441 988 699 636 896 931 113 989 1129 588 492 531 356 720 722 824 894 890 781 289
734 205 478 636 267 505 136 243 572 22 365 373 429 762 962 174 144 506 515 799 810 396 674 769 261 580 760 745
654 228 457 516 209 386 55 293 449 118 271 258 381 723 841 208 263 406 396 704 691 299 588 712 236 543 680 622
914 731 1010 258 583 346 681 985 356 821 709 601 516 1149 584 902 962 692 530 845 162 426 246 1070 862 1029 276 298
450 500 473 285 385 205 335 501 189 427 174 76 499 633 524 431 566 180 79 448 456 309 536 574 353 495 636 344
489 515 163 701 521 593 366 138 609 294 253 347 692 453 879 148 331 362 469 590 876 581 870 477 81 272 967 764
824 193 547 714 304 581 210 283 656 111 460 467 446 837 1054 235 106 601 608 892 884 453 715 850 341 654 794 827
704 279 420 679 339 550 197 169 608 60 355 385 504 709 977 108 111 497 530 780 856 459 742 724 215 527 830 780
681 256 574 367 129 235 141 459 319 280 312 236 266 809 746 374 423 408 330 698 535 131 422 775 371 640 517 486
1033 608 1045 387 482 397 618 953 462 755 749 643 356 1234 796 868 882 777 624 989 382 363 72 1171 861 1089 43 484
509 370 361 461 313 345 188 302 377 233 126 133 474 601 724 227 364 261 277 558 639 335 620 578 172 429 718 543
911 390 863 353 262 287 403 742 385 538 581 482 153 1079 800 658 662 640 507 894 445 166 151 1031 663 920 232 484
244 715 134 685 675 615 540 392 587 517 262 365 835 239 724 393 582 255 414 364 840 678 940 229 280 86 1041 703
573 441 577 211 304 93 306 553 140 428 275 166 390 755 561 474 573 305 173 561 389 194 413 698 422 611 513 312
208 747 432 453 647 437 568 603 366 621 274 288 766 457 415 562 738 131 210 180 575 575 771 367 447 389 867 427
666 542 727 66 391 70 441 713 94 574 425 317 411 879 503 632 719 420 260 622 235 235 315 809 582 749 408 198
992 408 931 428 301 369 453 793 465 580 655 559 150 1154 874 710 695 720 589 976 503 240 159 1109 726 992 207 556
546 338 362 500 299 378 159 264 419 184 167 182 467 618 773 185 314 306 326 601 678 346 635 603 154 441 732 587
363 780 598 338 655 372 617 731 275 702 379 340 740 628 261 676 834 257 203 276 423 544 679 531 572 563 767 274
436 919 726 411 787 481 760 877 377 849 527 488 856 712 121 824 982 399 347 315 436 663 752 606 718 677 831 304
433 452 360 409 371 310 271 373 317 328 62 55 518 561 632 306 457 171 190 470 584 353 619 522 222 403 719 474
567 1020 867 460 881 557 872 1012 454 970 659 610 928 844 19 955 1107 536 466 438 429 742 782 734 853 816 849 331
1034 559 1026 404 439 395 581 920 470 716 735 630 304 1225 829 835 839 773 624 998 421 334 61 1167 835 1075 54 512
797 311 731 319 162 213 281 616 317 420 453 358 162 952 753 531 553 523 404 792 457 38 265 908 532 790 357 454
597 521 652 114 375 53 399 649 53 525 351 244 427 805 491 571 671 346 188 561 292 236 378 737 514 674 475 218
972 575 988 329 442 336 571 903 402 710 691 583 333 1173 747 818 841 717 563 929 340 312 38 1110 806 1029 101 432
836 58 616 609 167 478 142 390 564 167 453 426 301 894 986 320 248 585 553 883 770 326 574 890 394 712 651 731
315 566 259 499 500 421 384 372 402 405 73 168 651 429 626 330 510 109 237 376 663 485 744 390 215 278 844 536
785 318 723 308 167 200 280 613 304 420 443 348 175 942 741 528 554 511 392 779 448 27 268 897 525 781 362 442
66 856 316 687 790 652 675 576 595 678 364 439 935 221 610 569 758 275 425 201 816 758 988 126 450 220 1087 669
543 346 430 399 263 278 169 365 321 256 164 115 415 659 696 285 397 278 250 576 578 265 548 627 244 491 647 491
661 860 873 256 711 379 738 950 292 858 607 525 726 928 233 879 1002 522 391 559 189 557 549 830 798 853 611 124
476 586 112 760 595 657 441 176 666 363 304 405 767 401 908 212 381 393 517 590 933 654 942 439 154 227 1039 815
265 815 163 796 785 731 645 451 699 608 378 481 947 132 796 470 653 363 525 400 946 793 1056 168 368 50 1157 806
693 1063 978 469 917 585 929 1102 490 1039 750 687 941 970 143 1040 1180 637 543 567 388 768 757 862 945 935 812 334
859 257 557 787 378 654 282 276 726 166 508 527 514 848 1117 250 69 650 670 935 958 528 788 871 366 668 866 898
601 920 853 336 775 445 784 961 347 893 610 543 808 875 126 897 1035 506 400 487 296 629 650 772 805 819 716 203
675 963 926 363 815 483 835 1028 391 950 678 606 834 949 166 961 1093 578 465 559 284 663 651 846 872 894 709 230
829 553 868 184 404 202 504 816 257 644 567 458 352 1038 617 732 784 579 422 784 239 246 159 971 702 901 247 298
517 851 758 299 711 388 706 870 284 810 518 455 760 788 153 807 950 411 311 412 312 573 634 688 713 727 710 181
678 647 789 41 496 173 545 803 129 675 493 391 503 913 424 725 821 460 298 614 138 338 352 833 665 799 432 106
829 63 641 547 96 418 134 438 510 214 445 401 234 910 939 362 316 568 517 866 705 257 502 897 418 730 579 673
515 794 729 246 653 330 652 826 227 758 476 407 704 780 210 761 899 379 264 421 282 516 585 683 670 706 665 140
612 735 778 140 587 255 612 833 166 733 498 409 612 865 308 761 878 432 284 531 168 436 467 776 685 771 544 19
454 918 740 400 785 474 762 886 370 854 535 492 849 731 107 832 988 409 350 334 420 658 740 625 728 693 817 289
952 454 921 359 328 317 469 808 406 604 635 533 207 1130 802 723 729 684 544 927 423 226 89 1077 725 975 166 483
898 649 963 236 502 294 607 919 326 747 661 552 431 1120 620 835 887 660 499 840 205 348 170 1047 803 990 220 313
723 162 551 484 113 352 42 382 433 176 339 297 285 812 851 299 312 462 418 760 653 227 507 794 332 634 595 602
879 347 818 351 215 269 355 694 371 489 540 444 127 1039 796 610 615 606 480 868 460 124 197 994 617 878 281 485
325 737 537 346 618 357 569 669 269 647 319 288 714 581 323 616 777 194 159 259 455 519 679 489 511 506 771 306
567 412 268 670 431 552 275 94 585 190 261 330 603 556 902 47 236 394 468 655 848 511 802 574 75 374 897 750
980 451 941 391 333 347 479 819 437 611 657 557 197 1154 834 735 732 711 572 957 453 244 103 1103 742 997 162 515
317 707 61 741 684 662 540 343 643 497 297 405 850 243 803 359 543 320 474 441 902 705 978 268 258 60 1078 768
320 821 587 397 701 428 653 742 332 730 396 372 793 591 261 692 857 262 243 222 477 597 738 490 584 541 826 329
400 767 621 302 638 344 608 741 244 700 388 339 715 663 253 683 835 275 196 315 384 520 644 568 583 592 732 235
996 320 896 488 240 406 396 732 508 512 639 553 69 1137 934 652 616 722 607 995 586 240 260 1101 682 968 306 621
345 548 205 553 500 464 370 310 456 368 97 206 660 414 692 276 461 175 298 424 721 507 777 392 157 246 877 597
844 678 935 185 528 273 617 914 282 756 634 527 478 1076 545 831 899 619 456 780 130 367 240 998 789 954 295 242
775 147 533 625 224 493 123 301 569 79 399 392 379 815 973 232 176 537 529 833 795 366 636 818 314 633 718 740
579 771 769 190 625 294 640 842 197 755 499 418 659 838 256 773 899 419 283 490 210 479 521 745 690 754 597 69
759 308 449 754 394 624 263 169 684 123 424 460 551 740 1052 146 43 566 605 842 930 525 803 765 265 561 888 856
794 468 802 198 318 155 417 734 239 558 504 396 284 987 645 650 697 533 384 763 305 159 181 927 626 842 281 329
754 735 891 145 583 273 644 908 234 777 597 496 566 1001 417 830 922 554 395 677 33 421 362 915 770 895 423 126
1019 331 917 508 259 428 415 749 530 528 662 576 87 1159 955 669 628 745 630 1018 602 263 268 1123 702 989 306 641
897 704 986 238 555 321 654 958 335 793 685 577 490 1129 584 875 935 672 509 831 162 398 227 1052 836 1007 266 289
291 645 415 385 543 348 468 539 290 530 191 185 663 505 454 487 654 65 119 284 528 474 684 430 380 400 782 388
650 238 441 536 230 406 74 270 467 100 270 266 402 710 853 185 245 408 406 704 712 323 611 703 219 530 703 639
297 634 128 636 595 556 459 330 538 439 192 299 757 318 724 321 510 222 371 401 798 605 874 308 203 148 974 667
548 866 789 299 723 397 725 896 295 832 545 479 767 819 147 833 972 441 336 440 295 582 628 718 740 758 701 174
468 494 178 654 488 547 336 164 562 280 207 300 659 459 837 149 338 321 423 562 829 540 828 473 45 277 926 717
670 833 869 227 683 352 716 936 270 837 596 511 695 934 264 864 982 519 380 573 158 528 515 838 786 853 578 98
1003 292 889 515 228 426 383 715 529 492 639 558 61 1135 960 635 590 728 620 1006 618 252 297 1102 672 963 342 649
627 1074 932 500 932 605 930 1076 504 1031 724 673 972 904 84 1019 1169 602 528 497 447 790 810 794 918 881 871 367
1083 514 1040 480 414 448 566 907 535 693 760 660 256 1257 916 824 806 815 675 1058 516 345 146 1207 838 1099 129 597
1131 569 1097 515 472 494 625 965 576 751 814 713 312 1311 942 882 862 865 722 1102 533 401 172 1258 895 1154 116 625
867 743 980 222 592 327 679 970 320 817 680 574 541 1107 525 888 961 654 492 793 103 431 290 1025 841 993 330 243
487 434 454 320 327 215 266 448 231 360 154 47 454 644 592 373 500 213 148 500 496 274 528 596 307 492 629 397
527 352 374 463 296 344 170 300 380 218 144 144 459 617 736 222 352 278 288 576 641 325 611 595 178 444 709 549
761 546 811 121 394 141 475 774 189 614 508 400 373 973 563 691 757 514 355 716 219 232 224 904 653 839 314 245
968 273 666 855 417 723 357 382 803 264 612 622 525 957 1208 360 175 754 762 1043 1020 577 814 982 477 778 883 973
245 863 215 818 829 760 692 503 722 658 415 515 989 85 789 522 705 385 547 381 963 831 1089 122 418 102 1189 820
812 226 705 396 80 279 220 560 381 352 447 366 131 944 819 477 479 537 440 821 540 95 333 910 494 774 417 529
729 152 543 509 130 376 32 364 456 153 344 309 300 809 871 282 287 471 435 770 678 252 530 795 322 630 617 626
623 921 870 330 774 443 788 973 347 900 623 553 802 897 146 908 1042 522 411 511 278 626 636 794 818 839 700 195
237 716 142 680 674 611 540 397 582 520 259 361 833 240 717 397 586 249 409 356 834 675 937 227 283 91 1037 696
350 565 396 367 466 304 388 478 270 453 126 105 593 533 515 421 580 77 100 361 527 408 638 471 321 403 738 399
270 644 382 416 548 372 465 514 320 518 173 187 676 474 482 467 638 34 147 279 561 489 708 402 356 366 807 422
778 404 758 234 253 151 354 675 251 494 465 361 237 957 677 591 633 510 371 757 363 94 217 903 574 805 317 369
558 344 333 559 331 438 179 205 478 155 196 234 502 603 823 125 269 339 378 626 738 397 687 599 112 422 783 646
877 595 924 221 448 256 555 871 303 696 623 514 380 1091 634 787 834 631 472 827 233 295 138 1022 759 956 210 319
845 236 740 406 102 295 251 592 398 381 482 399 97 979 836 509 502 570 468 851 542 109 310 944 529 810 391 540
418 494 413 344 393 260 320 450 249 396 114 35 523 583 558 383 529 144 113 433 515 341 585 530 297 439 686 400
483 839 726 305 701 384 690 843 280 790 490 432 759 754 163 782 928 380 288 379 336 569 646 653 685 693 725 198
214 793 176 741 752 680 618 456 644 593 335 434 911 163 737 465 651 307 469 347 889 751 1008 156 354 71 1109 747
346 535 304 452 460 371 353 385 355 389 41 118 606 478 606 334 505 101 196 393 619 437 694 435 227 328 794 495
413 639 550 248 513 243 480 631 161 574 282 215 602 646 377 567 711 202 71 368 385 406 570 565 476 542 664 246
722 158 535 511 138 378 24 356 456 146 338 305 309 801 870 274 282 466 432 765 680 257 537 787 314 622 624 627
639 241 462 482 198 352 59 318 415 152 255 230 369 721 810 233 297 385 366 683 658 272 563 705 245 543 656 588
334 563 195 562 515 476 384 315 465 381 109 218 675 399 692 284 471 175 305 416 729 521 790 378 164 232 891 604
29 897 372 690 825 666 715 631 601 726 401 467 965 252 576 621 810 298 437 157 809 782 1002 143 501 275 1099 660
272 813 159 800 784 733 644 446 702 605 379 483 947 135 802 467 649 367 528 407 951 794 1059 174 366 47 1159 810
917 590 953 265 448 289 565 887 344 705 653 544 363 1126 678 803 841 668 510 869 272 303 98 1059 781 988 166 363
539 381 292 592 375 474 222 172 507 178 198 255 547 567 835 101 270 337 396 615 770 440 731 569 69 385 827 673
988 322 673 900 465 767 399 386 845 296 640 657 575 963 1245 375 186 783 799 1067 1066 625 864 993 494 786 932 1016
844 50 653 558 104 430 148 447 523 222 460 416 231 923 953 372 318 583 531 881 714 266 504 911 431 743 580 685
280 609 207 558 554 483 429 366 461 433 131 231 708 368 654 338 525 144 292 362 719 546 806 335 218 216 907 588
843 150 700 473 40 352 192 526 451 307 467 400 137 954 889 446 421 572 492 864 619 172 396 929 482 779 473 604
1015 624 1039 363 493 383 624 956 442 763 741 633 376 1221 765 871 893 763 607 967 349 366 82 1156 859 1079 76 455
208 694 360 471 605 433 513 527 377 555 207 242 736 420 489 488 666 71 206 228 610 550 770 343 372 327 868 467
745 653 847 90 500 201 567 844 187 702 547 442 484 979 472 764 847 523 361 681 110 338 299 900 712 861 373 155
231 810 507 454 702 462 635 683 377 695 350 351 810 501 344 641 815 208 248 151 555 615 787 400 527 454 880 405
315 631 432 360 526 323 457 543 266 525 192 172 643 529 448 489 651 82 95 303 505 452 659 455 385 421 757 367
535 822 759 261 680 354 681 858 252 789 508 438 725 803 187 793 930 409 296 436 277 540 595 705 702 733 672 143
662 269 558 362 147 230 142 450 310 278 293 217 285 790 733 366 422 389 314 680 533 143 433 756 357 623 529 479
963 592 988 314 456 330 582 911 391 721 689 581 353 1168 726 826 853 710 555 917 316 321 63 1103 810 1027 116 413
1004 616 1028 353 484 372 615 946 432 753 730 623 370 1210 758 861 884 752 596 957 343 356 74 1145 848 1068 82 447
649 239 438 538 233 408 77 266 469 98 270 267 405 708 855 182 243 407 408 704 714 326 615 701 216 528 706 642
575 374 299 635 388 514 232 129 552 156 245 302 560 584 883 53 228 383 443 656 813 468 759 594 85 401 853 718
95 848 423 576 759 564 667 645 491 701 356 397 886 369 461 619 804 226 336 81 688 697 897 265 499 349 993 539
520 498 557 203 365 122 351 567 112 464 256 151 453 715 505 491 608 258 112 500 378 258 457 652 425 580 556 280
686 983 942 383 835 503 855 1046 411 970 696 625 853 961 166 980 1113 595 484 568 298 683 667 857 891 909 723 249
866 335 802 349 200 262 338 677 364 473 525 430 125 1024 793 593 600 593 468 857 464 110 212 980 600 862 297 483
445 933 739 421 801 493 775 892 389 864 542 503 868 722 109 839 997 413 362 322 441 676 761 614 733 689 839 311
367 731 570 309 606 330 568 689 237 654 337 292 695 622 303 632 787 222 153 296 413 499 645 530 531 543 737 264
605 823 814 232 676 344 694 895 250 810 550 471 704 871 222 826 953 463 334 508 211 527 549 774 742 794 619 99
585 313 473 385 219 258 144 389 314 253 209 147 370 704 710 306 398 316 270 613 563 223 509 672 279 536 607 487
704 263 428 664 321 534 179 184 593 42 350 375 486 716 967 119 121 492 519 778 840 441 724 728 219 534 811 766
456 479 197 618 464 511 315 188 526 273 172 264 633 469 806 157 346 292 388 544 793 509 795 474 37 287 893 681
699 1017 966 418 870 538 889 1076 445 1002 725 656 888 976 163 1011 1145 620 514 578 329 718 699 870 919 929 753 284
759 798 922 198 646 330 702 956 276 832 634 537 632 1014 375 879 978 578 425 672 50 484 420 924 813 919 475 130
1100 556 1070 482 453 462 603 944 543 732 786 684 298 1281 910 861 847 834 690 1070 503 374 139 1228 871 1126 95 593
438 878 710 369 745 437 722 849 334 813 497 452 812 713 143 793 948 374 310 325 403 620 711 609 690 666 791 265
145 735 290 570 662 525 553 503 475 571 239 308 805 320 563 479 666 145 301 223 710 627 860 249 359 237 959 566
707 1054 985 456 907 574 923 1103 481 1035 751 685 926 984 160 1039 1177 642 542 583 367 755 737 877 946 945 791 322
634 246 451 493 210 363 65 304 424 142 251 232 381 712 815 219 288 383 370 681 669 286 576 697 233 534 670 597
815 284 507 777 390 646 276 225 712 144 473 500 537 798 1092 203 18 615 644 895 951 532 802 823 321 619 882 884
879 393 838 321 256 254 390 727 351 527 553 453 170 1050 768 642 656 609 474 861 420 142 156 1000 642 893 246 453
826 154 564 684 266 552 184 310 629 113 454 453 406 851 1035 254 145 594 591 888 852 417 677 860 351 669 755 800
961 125 784 596 163 480 275 572 581 347 579 523 164 1052 1019 500 422 694 622 989 732 296 461 1036 561 872 519 730
262 700 443 400 596 381 524 587 311 586 244 241 711 499 411 539 709 107 154 235 530 519 715 414 429 413 811 384
1025 511 999 413 396 387 542 882 470 674 712 610 255 1207 848 797 794 759 615 996 450 303 80 1153 802 1052 102 529
338 867 626 421 745 463 700 789 364 778 443 419 832 613 223 740 905 308 289 225 485 636 764 508 630 575 851 340
160 763 218 662 708 607 583 471 565 578 282 371 860 230 656 464 653 229 391 281 806 692 939 181 346 142 1039 664
85 866 430 593 777 582 685 657 508 717 373 415 905 362 466 633 818 244 355 69 702 716 915 256 512 352 1011 553
683 237 436 606 271 476 123 223 537 34 315 327 440 717 918 144 175 456 470 748 782 384 669 720 216 534 758 709
755 355 429 788 439 659 305 142 714 165 436 482 598 719 1071 143 69 575 627 844 965 567 847 750 263 542 933 886
808 172 674 440 23 317 174 514 415 300 433 363 155 924 852 431 423 536 454 826 591 142 389 896 459 750 471 571
173 830 473 508 730 508 651 670 428 701 353 371 846 445 389 634 814 211 286 101 613 653 837 343 517 411 931 464
443 488 192 612 469 507 321 201 520 284 163 258 638 460 795 170 359 280 379 531 787 510 795 462 50 278 894 674
875 478 872 266 336 236 457 786 318 597 577 471 258 1065 709 701 730 612 465 843 339 196 104 1007 688 917 204 390
655 987 921 393 840 508 854 1034 413 965 682 615 866 931 129 970 1107 575 472 535 324 691 689 826 877 884 749 259
335 764 564 350 643 372 597 700 279 677 350 317 735 597 292 647 807 224 185 256 447 539 688 501 542 529 778 298
388 502 235 531 454 436 323 290 437 326 74 178 615 459 703 245 425 190 289 459 703 466 741 439 131 289 841 585
348 587 424 346 482 295 412 513 249 483 160 128 602 547 481 455 612 87 75 346 501 413 630 479 355 425 729 369
911 60 721 590 136 467 217 506 564 282 527 479 203 992 999 434 360 648 588 945 737 290 494 980 498 812 560 721
766 272 682 341 119 221 226 561 322 366 411 322 177 910 761 476 500 491 386 770 491 42 320 871 479 745 412 472
674 822 867 215 672 342 706 930 261 829 592 505 683 936 276 857 974 517 376 579 146 517 502 841 780 853 566 89
666 873 882 269 724 392 752 961 306 871 618 537 739 934 226 892 1015 532 402 562 197 570 559 835 809 861 621 137
717 181 490 579 214 447 77 283 518 65 339 332 381 767 915 205 204 477 470 773 752 337 618 765 268 585 705 690
454 610 85 764 615 664 461 204 669 388 305 409 786 373 897 238 409 385 515 570 935 668 954 413 171 200 1053 814
380 501 278 483 438 390 319 334 387 343 24 132 593 482 658 282 454 152 238 437 654 434 702 450 175 320 803 535
272 659 135 642 618 567 484 355 544 465 208 313 778 296 713 347 537 220 374 379 802 623 888 282 230 132 989 668
487 437 238 599 423 488 273 181 510 234 171 249 593 510 811 132 316 302 382 568 776 475 763 512 28 328 860 670
923 86 741 582 134 461 233 530 560 305 540 488 180 1010 997 457 385 657 592 954 725 281 473 995 518 830 537 714
176 947 332 820 896 781 769 616 727 753 470 556 1048 110 723 627 813 401 556 301 949 877 1116 7 515 217 1216 801
700 757 858 149 605 281 652 896 217 779 571 475 606 952 352 821 925 515 361 617 82 447 422 864 752 855 487 68
399 737 603 285 608 319 578 715 221 670 362 309 688 657 282 655 806 254 166 323 381 493 625 564 557 578 715 232
795 243 697 375 93 257 221 561 359 357 434 350 146 932 797 477 487 521 420 802 521 74 326 896 489 764 413 508
595 625 709 68 478 146 503 737 59 626 416 317 514 829 398 662 771 375 215 537 214 331 409 749 594 715 497 114
656 395 331 741 447 617 296 53 660 173 353 413 615 622 993 58 159 488 555 748 919 552 841 650 168 444 932 828
720 809 897 201 657 333 703 944 266 831 614 521 654 979 330 869 976 550 402 630 92 498 457 887 798 889 516 103
522 451 223 664 458 550 303 119 575 232 235 315 630 510 873 94 283 361 448 613 841 525 815 527 40 328 912 736
138 875 281 753 822 709 696 559 659 685 395 482 974 145 687 563 751 329 486 273 887 803 1044 67 449 172 1144 741
550 457 230 701 477 586 321 82 613 233 274 354 649 520 912 82 263 399 487 646 878 553 844 545 79 340 939 774
264 637 182 590 585 517 458 370 493 454 165 266 741 334 669 350 538 169 322 356 749 580 841 305 229 182 942 616
733 147 544 517 133 384 35 360 464 147 349 316 303 811 879 279 280 477 442 776 685 258 536 798 323 631 622 634
1053 433 985 486 343 431 498 838 526 620 714 619 178 1213 930 755 728 781 651 1038 549 299 187 1169 777 1050 205 611
750 178 611 433 54 304 117 457 395 252 372 309 219 860 825 373 384 480 410 774 595 156 431 835 396 687 519 558
1135 592 1109 509 492 495 643 983 574 771 824 721 335 1318 931 900 884 870 724 1102 519 413 166 1264 910 1164 96 616
280 604 228 538 544 464 423 378 440 434 118 214 696 383 636 346 530 123 271 354 698 531 789 345 226 235 889 567
590 323 349 583 325 459 170 187 504 123 231 266 497 625 856 104 234 374 411 660 761 404 695 626 126 443 789 673
1025 540 1011 401 421 386 563 902 464 698 721 617 285 1213 829 818 820 762 615 991 426 318 58 1156 818 1061 73 512
732 313 668 296 161 174 244 567 275 384 387 292 218 886 714 483 524 457 344 730 451 28 315 842 474 725 412 427
909 206 623 778 345 646 281 348 726 197 545 549 464 914 1133 312 145 686 688 978 944 503 748 932 423 733 819 896
168 755 211 659 701 604 576 462 563 570 275 366 854 233 659 456 645 226 388 287 805 686 935 187 338 139 1035 663
341 648 57 702 626 616 481 296 604 439 249 358 792 301 794 305 490 293 440 456 866 651 927 317 200 118 1027 737
776 210 502 687 299 555 184 245 624 65 413 426 453 790 1015 191 101 555 568 845 859 438 711 803 293 608 793 797
631 273 399 572 280 444 124 219 498 86 261 278 451 675 869 135 219 403 422 695 749 371 661 673 176 493 753 670
944 504 936 325 372 304 505 840 384 643 644 538 263 1133 762 755 772 681 533 911 372 250 41 1076 748 984 138 443
808 574 861 156 423 192 515 820 235 655 559 451 381 1023 584 737 796 564 404 759 207 263 190 953 702 890 273 265
718 365 394 768 437 640 295 108 692 158 404 454 600 684 1041 109 98 542 598 808 945 557 841 714 228 507 929 862
24 858 355 652 784 625 676 603 562 690 362 426 923 271 559 589 778 256 396 151 775 741 961 169 469 266 1059 627
821 570 869 170 420 200 515 823 247 655 568 459 373 1034 598 740 796 574 415 773 218 260 175 965 707 899 259 279
12 884 388 657 807 637 702 637 569 720 388 447 943 288 540 622 810 275 408 124 774 759 972 180 501 297 1069 625
663 1057 953 470 912 581 919 1083 484 1026 730 671 942 940 112 1022 1166 615 527 535 401 765 767 831 925 907 826 335
973 281 668 863 426 731 365 384 811 271 618 629 534 959 1215 364 178 760 770 1048 1028 585 823 985 481 781 891 981
1134 651 1134 491 540 497 686 1025 565 818 842 737 393 1331 895 941 937 877 725 1093 475 442 162 1271 942 1182 62 586
702 202 470 585 233 453 89 262 520 51 326 325 401 748 912 184 195 465 466 761 759 351 633 747 248 566 721 692
