2
5
8
20
230
100000
20000
100
40
300
1 0 
0 1 
1 0 
1 0 
1 0 
1 0 
0 1 
0 1 
9480 27760 38960 21800 13560 23200 11440
15360 36520 32000 22760 11360 23480 30960
20480 13000 12920 4960 19880 3600 22400
34080 11000 17600 19320 34480 18320 29400
6560 27160 27680 14240 2600 15280 21200
26600 6680 15960 12000 27040 11120 23120
17160 34120 26720 20000 12960 20400 31680
7080 32080 33840 20040 4840 21200 22720
12840 32920 29040 19120 8640 19840 28040
10560 21440 21160 7680 8600 8520 20360
15680 41560 43440 30040 14760 31200 29480
12680 13200 23440 6400 14160 7600 12240
16840 16720 14880 3520 15640 2960 21960
7320 21760 32880 15600 11280 16960 8440
33080 13160 13120 17680 32920 16480 30560
10960 26160 23280 12240 7440 12920 23800
23680 3440 19760 10800 24720 10480 18520
28800 4440 19760 15280 29760 14640 22880
25760 4920 27360 16720 27920 16840 15520
29760 31680 12880 20760 26520 19960 39000
588 209 361 485 424 299 321 492 477 495 207 569 271 384 440 414 404 118 664 147 126 329 529 236 342 460 467 535
415 355 474 317 470 279 432 653 342 389 380 734 138 547 386 252 307 137 497 223 286 226 701 190 486 612 569 629
841 308 161 693 82 762 735 737 872 478 454 772 488 652 332 613 431 403 813 611 381 757 673 366 692 758 871 123
1053 324 373 940 562 669 457 262 922 866 259 261 709 239 751 863 782 535 1112 510 357 763 151 619 348 323 529 484
991 354 190 845 243 849 770 706 996 640 475 723 630 639 495 764 591 517 973 685 441 867 614 507 704 743 893 40
1009 426 550 926 720 529 264 43 814 932 283 130 721 67 848 861 842 557 1107 412 401 656 165 668 149 63 285 700
96 721 788 90 692 571 808 1054 365 339 778 1136 325 948 466 171 348 495 109 606 672 429 1102 437 879 1008 928 894
652 417 350 502 170 728 789 877 754 246 560 930 353 777 106 432 227 365 593 614 450 675 846 265 782 877 934 365
625 422 365 475 191 712 783 881 731 219 562 935 330 779 78 405 200 353 565 604 450 656 854 249 780 878 929 390
859 336 487 779 636 389 148 193 668 801 188 279 579 97 730 715 710 423 960 263 287 509 282 538 51 151 241 657
295 464 544 167 481 409 594 812 349 261 524 891 72 704 312 92 199 238 342 384 415 304 850 195 648 773 728 671
502 426 580 453 627 88 288 564 298 582 377 651 330 469 578 411 501 282 630 117 338 137 648 374 376 504 405 754
513 579 736 510 781 82 340 641 239 694 514 729 450 561 713 491 622 435 670 252 490 135 747 517 451 569 410 910
1012 258 220 883 406 721 567 441 935 756 291 449 648 389 626 801 682 486 1042 551 331 784 339 538 477 488 668 298
595 407 364 445 200 680 757 863 697 199 543 920 296 761 53 374 170 324 541 574 429 622 842 217 758 858 902 403
975 464 302 825 226 928 892 864 1030 580 604 887 637 788 437 749 553 567 926 776 543 920 781 520 841 894 1024 145
662 325 492 591 588 207 152 392 472 655 229 479 413 295 612 534 566 289 772 64 240 312 474 405 209 338 296 671
147 771 826 148 717 643 877 1119 434 341 836 1199 376 1012 479 221 368 549 36 674 727 502 1163 480 947 1075 999 922
872 598 761 840 884 336 170 374 609 952 462 450 703 350 919 799 865 595 1014 349 526 482 514 710 244 292 66 937
290 582 710 287 698 247 509 789 106 511 575 876 300 693 564 284 454 373 442 336 504 100 869 405 602 730 612 865
968 365 490 879 659 506 255 97 785 875 223 171 669 21 789 812 785 503 1060 376 342 626 165 612 138 111 307 643
179 619 727 181 684 358 611 879 163 436 638 965 271 778 515 200 395 394 327 423 551 213 947 392 696 824 721 867
665 301 468 589 566 226 166 388 483 643 208 473 404 287 596 529 553 272 770 69 217 323 463 390 210 338 311 647
977 373 496 889 667 515 261 88 794 885 232 161 679 29 798 822 795 512 1070 385 351 635 158 621 144 107 309 648
452 586 737 454 767 117 390 688 179 652 537 776 414 603 681 441 584 422 611 273 499 86 788 492 497 619 468 908
624 315 480 550 565 193 192 429 443 616 238 514 373 329 577 493 528 254 732 28 228 283 504 369 249 377 334 659
939 492 642 878 791 420 149 190 710 934 343 269 700 176 874 823 844 557 1059 351 438 561 330 675 106 108 119 809
706 457 369 557 179 789 842 916 816 290 603 965 415 819 160 489 283 424 637 672 497 738 877 327 830 920 987 352
1041 429 542 954 719 570 307 35 853 948 294 96 744 91 858 887 858 577 1135 447 414 694 120 685 191 103 328 686
845 312 164 696 85 767 739 741 877 481 458 775 492 656 335 617 434 408 816 615 386 762 676 371 696 762 875 121
443 312 416 325 400 345 466 659 407 342 365 736 104 551 321 250 254 84 500 262 257 298 692 119 505 626 608 564
603 390 346 452 184 673 744 847 697 213 527 903 295 744 67 379 178 313 553 563 413 618 824 209 743 842 889 388
479 318 455 389 481 237 360 581 366 454 320 663 206 475 434 326 368 135 570 151 239 225 634 227 412 538 499 621
885 261 395 789 558 462 253 202 725 772 118 269 572 101 683 718 682 402 968 310 237 565 228 509 158 204 350 557
522 731 886 561 920 235 469 771 226 787 667 857 560 699 827 564 725 574 695 405 643 230 886 644 585 694 507 1058
580 681 841 599 893 182 384 684 286 801 603 770 561 616 825 590 731 547 747 348 592 235 803 630 501 606 415 1017
814 129 271 703 426 466 329 331 695 654 36 389 475 233 557 627 566 301 877 296 123 538 323 395 267 336 453 442
287 693 720 188 587 681 880 1088 531 193 784 1163 324 979 339 204 246 492 159 670 666 555 1112 397 931 1054 1013 793
503 257 377 390 391 327 413 594 437 396 299 670 169 486 356 316 306 45 566 215 194 309 626 146 443 563 557 537
756 47 210 637 345 467 382 419 666 569 103 477 404 319 469 558 482 231 807 297 62 516 406 315 339 420 516 389
458 529 681 441 714 80 353 646 210 618 482 734 374 557 638 418 546 368 606 219 442 68 741 444 456 580 446 852
484 275 361 355 336 401 495 661 470 317 352 733 120 553 273 274 226 61 522 298 235 361 680 64 519 635 639 503
284 667 796 325 783 285 559 849 21 575 653 937 380 756 640 341 526 460 455 404 587 150 936 490 659 785 647 952
696 707 872 707 946 239 347 632 403 894 607 714 647 579 904 692 819 607 861 378 620 335 762 702 462 551 338 1051
1054 312 344 937 533 689 488 304 934 850 268 303 704 276 731 858 768 531 1106 526 356 776 191 609 382 363 565 446
1027 305 366 916 554 640 429 246 894 848 232 255 686 214 736 840 764 512 1089 482 334 734 150 598 321 302 504 487
715 732 898 730 973 266 366 646 421 920 631 727 674 597 931 717 846 635 882 405 646 360 778 729 480 564 348 1077
952 513 359 802 239 953 939 932 1032 542 658 959 632 851 406 730 527 585 889 808 585 932 855 522 896 957 1076 223
810 410 571 747 701 302 34 270 591 811 271 358 572 200 759 692 721 438 928 220 342 437 385 556 83 200 154 747
765 414 579 707 697 253 25 319 542 783 285 407 540 245 739 655 694 415 887 183 339 389 431 533 131 249 168 756
1011 308 387 904 572 608 390 208 867 849 215 225 677 172 743 829 763 503 1079 453 325 707 130 595 280 261 461 517
575 274 280 430 193 551 610 722 613 272 401 783 220 618 163 348 195 183 567 432 284 514 711 102 611 713 755 383
362 609 621 231 481 668 839 1024 564 85 712 1095 273 916 231 204 151 424 264 631 592 557 1037 318 878 997 978 687
1119 385 418 1005 608 731 510 283 987 925 325 260 773 282 807 928 843 600 1176 574 423 827 148 681 397 353 569 511
373 528 548 226 419 606 763 943 532 63 630 1013 200 835 179 172 74 344 311 556 510 505 955 236 799 917 904 625
370 589 730 374 739 178 451 743 113 587 560 831 361 652 629 367 525 400 528 303 505 51 833 453 553 678 542 894
884 540 700 839 832 351 123 300 635 929 399 378 684 274 885 792 840 561 1017 326 473 497 439 679 172 218 22 874
855 151 36 718 226 649 568 542 818 571 275 576 486 459 439 635 499 343 868 483 239 679 479 368 510 565 696 200
591 294 455 510 528 205 238 462 428 569 239 546 327 359 531 450 481 208 692 43 205 270 528 323 288 416 381 632
582 214 364 480 424 296 324 497 472 491 213 574 266 389 437 409 400 115 658 147 131 324 535 233 346 465 469 538
1019 269 289 898 479 678 496 343 913 801 248 351 664 300 680 819 721 494 1065 512 322 757 242 565 397 395 585 393
843 366 522 769 664 356 103 216 640 808 221 303 579 132 744 709 717 430 951 245 309 483 319 547 29 157 201 694
650 632 797 650 869 164 293 589 366 824 537 674 575 527 830 629 747 531 810 302 544 275 712 627 410 510 314 976
615 170 322 506 392 337 337 483 515 493 183 556 284 374 428 432 403 116 683 180 88 368 510 231 344 457 483 497
544 370 356 394 222 609 695 818 629 186 497 879 227 713 68 318 127 258 509 507 379 551 807 147 702 807 840 427
439 427 571 383 596 144 353 618 264 518 403 704 268 519 525 342 440 251 561 162 343 111 693 327 434 563 474 738
993 242 189 861 373 718 576 465 924 728 293 478 627 409 596 780 655 468 1018 548 321 775 369 515 491 510 682 266
695 780 944 724 1010 296 429 713 399 931 686 794 689 662 952 718 860 667 867 449 692 365 844 755 545 631 415 1123
289 532 580 139 477 530 711 915 436 159 614 991 152 807 257 76 135 321 267 502 498 419 942 237 759 882 848 679
992 352 188 846 245 847 767 702 995 642 472 719 630 635 496 764 592 516 974 683 439 866 610 507 701 740 890 43
692 211 378 598 486 309 228 374 544 610 125 453 389 267 545 530 519 231 778 139 129 385 421 348 227 342 372 557
776 375 259 626 75 775 788 826 845 385 525 868 446 734 240 550 354 404 729 638 433 747 774 335 760 838 929 230
785 178 335 684 477 402 259 307 644 665 35 377 464 201 581 612 575 294 862 236 133 486 330 401 208 295 387 510
471 552 705 461 741 81 355 652 210 644 500 740 401 566 665 441 572 395 623 236 465 86 750 472 461 583 439 877
648 179 192 508 175 538 553 635 646 371 316 692 281 533 256 425 292 174 656 397 205 528 616 159 538 632 696 325
979 509 653 916 808 461 189 162 751 966 359 236 734 172 901 859 875 588 1097 388 461 602 306 705 130 82 148 816
1132 513 614 1046 795 651 381 80 937 1038 382 10 836 182 945 979 948 668 1226 536 503 779 120 775 271 154 374 745
765 58 112 633 244 547 486 509 715 519 206 557 399 414 401 551 439 244 792 383 140 575 474 288 444 518 621 291
743 246 411 654 535 320 181 315 576 673 123 396 450 209 606 588 582 294 835 161 176 416 374 410 164 280 319 589
647 206 199 504 153 561 581 663 659 352 344 719 283 562 231 422 277 193 647 423 235 545 641 160 567 661 725 317
663 612 778 656 854 159 266 561 382 822 514 646 571 500 823 632 743 519 819 285 525 281 685 618 383 482 288 957
567 566 728 557 786 72 291 593 295 727 489 681 479 517 736 533 651 443 721 234 478 182 704 535 405 519 354 904
75 721 793 92 702 556 796 1046 345 356 774 1129 326 941 479 175 360 494 126 596 670 414 1098 442 870 999 915 903
213 583 644 62 550 512 718 942 380 227 652 1020 188 834 334 38 212 362 214 510 540 387 979 295 777 902 849 751
1217 531 593 1118 782 767 508 212 1046 1073 429 138 895 281 965 1045 986 722 1295 634 545 886 102 817 391 294 518 696
969 213 207 843 396 669 517 408 885 729 239 426 607 348 603 762 651 442 1005 499 282 733 320 501 430 450 622 315
1174 456 498 1066 688 761 521 256 1027 998 378 211 837 287 883 990 914 663 1240 612 485 867 111 750 404 335 560 590
780 157 314 675 456 411 278 324 647 649 21 391 453 218 562 602 559 281 852 243 115 489 340 386 229 315 408 490
627 314 273 478 134 632 681 772 687 272 453 827 288 671 134 399 215 263 597 510 342 593 747 179 674 769 826 338
703 375 289 552 103 730 767 834 782 310 521 882 381 737 165 478 279 360 653 604 418 692 794 277 751 838 911 296
854 232 70 710 143 713 659 644 852 526 371 677 489 562 385 628 466 374 846 554 314 725 578 366 608 668 791 121
998 546 388 848 281 994 974 955 1077 586 689 978 678 877 452 775 573 627 933 848 621 976 872 567 927 983 1108 237
419 340 449 309 435 318 458 666 372 355 381 745 106 558 347 238 271 113 487 250 278 263 706 151 505 629 598 599
476 623 776 488 809 136 399 700 190 693 566 788 457 619 724 479 626 464 639 302 535 127 806 535 511 628 465 947
355 418 534 268 519 276 467 704 286 386 441 787 141 599 407 214 312 198 449 259 350 190 758 228 531 659 597 686
393 369 447 261 396 403 545 738 411 266 438 814 27 630 268 181 182 147 430 338 325 330 767 103 585 706 686 579
767 391 556 704 676 264 38 307 550 772 261 395 531 227 724 649 682 401 884 177 318 396 414 519 116 240 183 733
993 261 162 857 331 753 628 530 944 704 338 543 625 470 567 775 636 476 1007 583 346 800 434 508 548 573 740 204
660 651 816 663 888 182 307 600 372 841 555 684 592 541 848 643 764 549 821 321 563 288 725 645 424 520 320 994
766 420 585 708 703 251 24 322 540 787 291 410 543 249 743 657 698 420 888 186 345 388 436 537 134 251 164 763
673 734 898 694 964 251 388 676 378 893 640 759 649 622 911 684 821 622 842 403 646 328 805 712 505 595 384 1076
987 232 208 859 396 693 541 425 907 738 263 439 624 369 610 778 662 460 1019 523 304 756 332 516 453 470 645 303
377 481 618 335 626 174 412 684 203 503 466 770 262 585 528 305 432 286 509 228 400 70 759 343 498 627 527 780
1005 496 634 936 795 496 222 115 786 972 347 188 746 143 901 877 881 594 1117 409 456 634 259 710 138 40 196 792
408 365 485 313 482 271 431 657 330 395 387 738 143 550 395 251 313 148 494 222 295 215 706 200 487 614 567 641
33 763 840 142 754 563 813 1072 329 410 809 1156 371 968 534 224 413 534 145 618 708 418 1129 489 893 1021 926 954
209 762 805 169 684 678 901 1130 486 296 838 1209 373 1023 439 226 336 547 52 694 725 541 1166 467 964 1090 1027 890
406 349 442 283 408 366 505 703 395 306 408 780 61 595 300 207 221 121 457 298 298 301 736 115 547 669 646 583
97 753 818 122 719 598 838 1086 383 358 811 1168 357 980 489 203 373 527 86 637 704 456 1135 468 911 1039 957 922
674 381 307 524 126 716 764 841 759 281 526 891 357 742 136 450 250 348 624 595 419 673 806 258 752 843 908 324
973 290 388 870 567 563 345 191 824 826 180 226 645 134 725 796 739 472 1046 409 296 664 149 569 237 231 422 530
708 313 480 634 590 249 128 345 519 685 200 431 448 247 634 574 595 312 815 111 234 359 427 430 165 293 274 659
474 283 375 347 354 383 484 657 452 325 352 731 114 549 288 268 235 60 517 285 238 343 681 80 512 630 628 520
740 554 721 713 820 205 160 446 476 843 437 531 591 391 824 676 759 505 885 255 472 349 574 615 274 367 175 900
961 509 353 810 240 954 936 924 1036 552 653 950 637 845 415 737 535 586 899 808 582 935 846 526 891 951 1072 213
1124 477 569 1033 753 660 397 100 941 1010 355 48 817 177 912 963 922 646 1212 533 476 783 65 750 281 182 408 695
231 662 783 271 757 321 590 874 72 528 660 961 348 778 601 293 484 446 400 421 586 177 954 463 685 813 686 933
747 492 659 706 765 213 93 389 499 814 371 475 565 327 784 663 728 462 882 213 412 359 511 576 210 311 153 837
289 588 716 290 704 248 512 793 100 516 581 880 306 696 570 289 460 379 444 340 510 101 873 411 605 733 614 871
747 112 276 637 407 415 316 375 632 599 56 440 411 270 510 562 510 237 812 244 64 478 383 337 277 367 451 454
842 164 298 734 459 473 315 295 712 690 46 352 507 198 594 659 602 334 909 307 157 555 287 431 242 303 432 465
752 96 260 640 393 429 332 383 642 594 62 446 411 279 502 564 505 237 814 258 60 489 385 334 291 378 466 438
430 456 601 385 625 129 360 633 238 535 428 720 287 536 548 349 459 280 560 180 371 83 713 353 447 575 475 768
519 308 457 434 502 211 311 537 381 501 289 619 254 432 474 374 413 161 616 103 224 230 595 265 365 492 450 629
97 659 748 95 678 457 702 959 255 377 698 1042 276 855 479 151 356 430 224 505 600 315 1017 398 780 908 818 873
1014 283 180 878 344 775 647 540 966 721 358 550 646 484 583 795 654 498 1027 605 368 822 439 528 565 585 756 204
886 343 186 737 125 807 772 759 919 515 486 789 534 678 369 658 473 449 854 654 421 804 688 414 724 784 906 91
571 228 269 431 228 495 546 665 578 315 345 729 203 560 222 348 230 124 582 370 226 468 661 82 549 653 692 398
699 93 258 585 366 406 348 433 602 540 114 499 355 327 454 508 451 181 758 239 7 452 441 279 325 422 489 437
848 201 37 706 164 688 628 612 835 534 338 646 481 529 395 623 470 356 847 527 285 705 548 359 576 635 759 146
317 453 522 179 450 438 611 819 387 226 523 895 58 711 274 97 161 232 344 402 410 340 851 171 660 783 748 643
150 789 845 165 735 656 893 1136 441 357 854 1216 394 1029 496 239 385 567 28 690 745 514 1180 499 963 1091 1014 939
629 157 213 493 224 490 506 601 608 385 281 662 260 497 284 411 301 130 650 348 165 485 592 146 496 594 650 363
723 145 116 584 156 580 559 603 711 437 294 653 355 507 312 501 363 232 731 427 203 584 569 235 528 610 698 262
412 693 839 452 853 231 499 800 116 688 651 888 471 717 738 460 631 512 585 388 607 158 903 566 610 729 564 1005
337 640 657 214 519 675 856 1049 554 123 739 1121 291 940 269 202 185 449 227 647 620 558 1065 347 899 1020 993 725
260 620 659 128 541 600 795 1005 467 170 704 1081 241 897 303 122 192 411 189 586 588 478 1032 323 847 970 929 746
571 599 761 570 818 104 314 616 291 750 521 704 503 543 763 550 675 474 729 267 511 195 730 563 430 541 366 937
201 627 682 66 578 558 768 992 408 227 700 1070 235 884 350 88 232 409 168 559 587 429 1028 336 827 953 897 781
479 513 667 457 706 57 328 621 235 625 461 709 378 533 638 430 550 360 625 197 425 89 716 441 431 555 422 839
693 62 203 568 297 455 417 490 625 493 170 551 334 387 395 489 406 166 735 294 62 483 483 239 393 485 558 379
858 484 350 708 187 890 902 926 950 444 633 962 548 838 311 637 433 519 791 755 546 858 863 444 870 943 1043 260
438 665 813 466 835 192 458 759 144 691 617 847 465 677 733 467 629 492 608 353 578 139 863 554 569 687 523 982
353 677 816 393 818 249 523 819 57 635 648 908 427 732 692 404 581 484 525 389 594 140 915 528 629 751 599 978
965 438 576 891 737 469 197 105 757 918 289 192 695 89 844 829 827 540 1072 367 398 602 238 655 93 35 212 736
846 651 816 827 928 318 227 456 569 963 522 532 711 428 942 794 878 621 996 371 573 458 596 733 318 374 148 994
147 703 812 217 766 404 669 947 149 495 718 1034 353 849 586 261 465 479 321 492 634 258 1021 475 761 889 770 951
529 489 461 382 300 695 805 938 669 108 617 999 287 833 54 321 121 366 455 610 498 617 926 249 818 925 950 502
691 612 779 681 861 179 249 540 411 841 508 624 590 483 838 655 761 530 845 290 526 307 666 632 366 460 261 958
721 401 307 571 118 760 797 859 808 320 549 906 406 763 178 498 296 390 665 634 447 720 817 305 779 865 941 297
643 382 548 584 637 154 148 424 432 675 289 512 426 334 644 534 587 322 764 72 296 274 518 435 235 362 279 728
935 201 274 819 457 583 410 307 819 744 153 338 587 238 632 741 660 414 990 417 237 663 245 495 319 341 510 414
831 405 272 681 112 824 826 847 900 434 554 884 502 759 291 605 407 454 779 684 470 800 786 390 792 864 965 202
997 275 343 885 529 616 413 254 866 818 202 271 655 208 707 808 733 481 1058 455 303 707 172 568 309 302 495 471
225 707 747 143 626 649 862 1083 480 241 787 1160 322 975 382 181 277 495 106 654 672 518 1115 411 920 1045 992 831
874 157 266 760 439 522 365 312 756 698 91 358 530 225 593 683 611 356 933 355 178 599 279 444 286 331 477 425
742 708 875 749 958 264 326 600 451 926 600 680 676 555 929 730 848 625 905 387 623 374 733 724 438 518 300 1054
756 123 85 617 176 587 548 576 732 475 273 622 387 482 349 535 401 253 767 429 194 601 536 268 510 586 685 247
511 617 774 519 816 121 371 673 226 716 553 761 476 595 740 506 646 469 673 291 529 150 782 548 484 600 431 947
626 723 885 650 942 229 401 696 330 855 638 780 615 635 878 643 785 598 796 390 634 289 820 683 519 616 413 1062
965 326 442 870 616 525 289 135 797 849 193 190 653 66 756 799 760 482 1049 383 314 637 150 587 176 164 355 592
1156 458 519 1053 707 725 476 201 997 1000 363 154 828 243 891 979 915 654 1229 582 476 836 58 747 359 281 507 624
637 295 460 558 549 216 194 416 462 614 216 501 374 314 570 499 524 246 740 48 208 302 487 363 240 368 338 639
860 284 126 714 114 754 712 701 878 510 426 734 501 619 365 633 458 402 840 598 362 757 634 379 664 725 845 98
192 698 746 111 633 620 837 1065 445 257 773 1143 308 957 394 160 283 482 99 630 660 486 1101 404 899 1025 965 838
725 325 491 651 605 256 110 330 530 704 206 417 467 235 652 593 614 331 833 126 248 371 417 449 148 276 256 670
762 229 124 616 72 665 649 679 778 429 378 722 401 586 289 535 368 306 749 516 293 660 631 278 615 691 788 198
320 597 623 184 494 627 806 1000 516 111 692 1074 241 892 249 158 149 402 238 597 574 513 1019 302 849 971 943 700
982 472 612 912 772 476 202 116 766 946 323 196 721 124 875 852 856 568 1093 385 431 613 257 684 113 34 192 772
919 334 470 832 632 461 218 140 738 833 188 219 623 32 751 765 743 459 1012 328 303 578 209 570 105 129 290 630
954 205 156 822 344 687 555 465 888 691 267 485 588 401 561 741 617 430 979 516 285 740 380 476 476 504 667 256
779 703 870 780 961 284 305 567 490 947 588 645 696 527 944 757 868 634 940 390 619 405 703 737 413 485 262 1049
346 620 636 217 499 665 841 1031 553 103 720 1103 276 923 249 196 164 432 245 633 601 552 1046 327 883 1003 980 704
764 291 180 615 9 710 708 742 803 403 441 784 414 650 258 536 354 343 736 566 352 694 692 294 677 754 848 200
80 692 768 71 683 524 763 1013 320 349 743 1096 299 908 466 151 345 465 156 563 639 382 1065 416 837 966 882 882
518 351 357 369 243 567 658 792 590 192 471 855 188 686 103 290 116 220 494 468 352 509 787 106 670 777 804 444
1026 370 470 929 650 584 339 115 857 902 247 143 710 105 804 858 813 539 1108 444 367 697 89 641 222 173 387 608
576 184 313 460 355 360 393 541 504 433 234 613 231 433 369 383 343 58 633 219 122 367 562 170 405 517 539 481
1023 285 327 907 516 659 462 295 903 825 236 302 675 256 708 829 742 502 1077 495 325 745 195 581 358 348 544 440
294 680 705 188 573 676 871 1076 531 179 772 1151 313 968 324 198 232 480 172 662 654 552 1099 384 921 1044 1006 778
703 295 216 554 58 674 694 753 751 343 442 802 357 657 200 475 292 303 674 538 341 648 715 240 673 759 837 262
500 265 341 367 311 424 509 665 494 308 352 735 132 557 254 286 218 71 530 317 233 386 679 47 529 642 654 480
835 321 475 753 619 369 140 218 646 777 174 303 554 119 707 690 687 399 935 238 267 487 302 515 65 175 248 647
170 787 838 170 724 669 902 1141 459 343 856 1221 393 1034 483 240 375 567 10 697 745 528 1183 495 970 1097 1024 930
592 308 289 443 169 598 657 762 648 253 442 821 249 659 127 364 188 232 568 481 326 556 745 141 656 755 803 369
846 226 66 702 139 706 654 642 844 520 366 676 481 558 379 620 459 366 839 547 307 717 578 358 604 664 786 129
530 494 652 502 706 8 277 572 286 654 428 660 403 486 657 470 575 363 673 165 405 141 671 454 381 504 371 828
778 245 405 688 540 353 188 283 612 697 106 362 480 176 625 620 607 320 868 197 185 452 338 434 147 254 318 581
579 424 385 429 222 681 766 879 688 177 558 937 290 775 33 359 154 330 521 580 442 618 860 219 770 871 911 426
974 275 365 867 547 576 366 216 832 815 178 247 640 161 710 792 729 466 1042 419 288 672 161 560 261 258 447 504
511 410 566 458 615 99 279 551 312 579 361 638 327 455 572 414 497 272 636 102 323 152 634 366 364 492 399 740
445 314 425 334 419 319 444 644 392 366 355 721 123 536 347 261 278 89 511 238 252 277 681 143 485 608 585 579
587 266 268 441 183 555 608 716 621 282 395 776 230 612 170 359 206 186 579 433 278 520 703 111 607 707 754 372
1136 470 552 1040 738 682 424 133 961 1008 357 82 821 196 906 969 920 649 1219 550 475 802 37 749 307 215 442 672
1000 389 508 912 681 536 280 70 816 905 251 139 701 51 816 844 815 534 1092 408 371 657 139 642 162 106 319 656
613 694 856 631 914 200 378 675 318 831 610 761 589 612 852 621 760 569 780 361 606 266 798 655 496 597 398 1033
826 384 251 676 94 807 805 826 889 434 533 863 492 737 290 599 404 438 779 665 449 786 765 378 771 843 945 189
1007 271 321 891 510 641 445 288 885 812 218 300 659 244 697 813 729 486 1062 477 309 727 196 567 343 338 530 441
614 144 247 486 284 432 447 559 567 415 240 625 251 453 329 406 327 91 652 287 120 436 562 157 443 546 592 410
948 311 145 802 207 804 731 681 949 604 437 703 585 609 459 721 551 470 932 641 398 821 597 462 669 714 857 39
179 579 674 116 616 395 628 879 242 355 616 962 206 775 436 119 315 351 286 427 519 259 935 329 702 830 748 805
534 463 437 385 278 678 783 912 663 122 592 974 274 807 29 321 116 344 468 590 473 605 900 227 795 901 928 482
740 749 915 757 994 290 373 647 446 945 644 727 698 602 955 743 870 657 908 424 663 386 781 753 486 565 345 1095
499 323 468 416 506 208 326 556 364 489 308 639 240 451 468 356 403 162 597 117 240 215 615 260 383 510 464 638
820 290 151 672 65 740 716 726 849 462 437 763 466 639 317 592 413 380 795 589 362 734 666 344 676 744 853 141
1136 487 576 1044 761 671 407 109 953 1020 366 47 828 188 922 974 932 657 1223 545 486 794 67 760 292 191 416 701
737 747 913 753 991 286 373 647 442 942 643 727 695 602 952 739 867 653 904 421 660 382 781 749 485 565 345 1092
890 303 443 800 602 442 213 173 714 799 156 250 590 65 717 732 709 425 980 301 270 554 231 536 110 161 301 607
199 679 796 250 762 353 621 903 98 516 684 990 350 806 597 280 478 460 370 449 605 209 981 468 715 843 719 942
146 629 701 8 615 502 726 965 335 291 687 1046 234 859 401 83 279 403 186 522 580 367 1012 349 794 921 851 814
605 414 366 454 198 692 767 871 708 204 551 927 308 769 60 384 179 335 548 585 437 634 848 229 767 866 913 400
444 441 453 293 328 585 712 870 558 102 552 937 174 762 106 222 20 277 402 511 432 504 873 161 736 849 856 533
726 191 357 629 478 344 238 349 582 627 88 424 415 241 554 559 537 250 808 176 119 423 388 364 217 324 377 535
250 520 591 110 512 454 651 872 356 240 584 951 124 765 318 31 197 296 282 442 474 338 911 239 708 833 783 708
684 260 200 537 83 635 654 720 720 345 406 770 330 622 207 456 284 265 665 499 303 613 686 211 635 723 797 274
324 432 521 205 472 372 550 769 340 292 484 848 61 662 325 134 221 203 383 341 378 276 810 180 605 730 685 656
745 600 767 727 862 218 206 485 471 871 484 568 619 435 857 695 788 541 895 293 516 356 616 649 318 404 198 946
848 270 116 702 107 739 699 693 863 502 414 726 488 609 357 620 448 388 830 583 348 742 627 365 652 714 833 111
630 755 917 662 971 259 434 727 334 874 671 811 637 668 902 658 806 626 802 422 666 308 853 708 551 647 441 1093
373 549 565 229 432 625 785 965 544 55 652 1035 221 857 187 182 92 366 301 578 532 522 977 258 821 939 926 638
523 353 355 374 238 574 664 795 597 192 475 858 195 689 97 295 118 226 498 474 355 516 789 113 674 781 809 440
726 694 860 732 942 246 318 596 436 908 588 677 659 548 912 712 831 608 889 371 608 357 728 707 431 514 299 1039
904 432 583 836 731 399 125 178 688 881 284 265 650 133 817 778 791 503 1017 309 380 534 306 621 47 103 157 751
167 595 673 46 595 464 686 926 312 295 649 1007 202 820 393 64 270 368 226 481 543 332 973 321 753 881 811 791
539 529 495 395 326 731 846 978 695 111 658 1039 321 873 93 340 151 407 451 650 539 649 965 289 860 966 991 525
983 291 146 841 274 791 690 613 960 663 396 628 615 548 521 759 603 482 981 623 380 823 520 494 618 652 809 118
488 641 795 505 830 151 406 708 198 713 582 796 478 629 745 497 646 484 653 319 553 148 816 557 519 635 466 967
452 336 389 311 320 466 579 743 491 232 430 813 92 635 199 228 141 145 463 379 310 405 756 40 604 719 723 509
775 508 674 735 786 240 93 376 525 842 382 461 593 321 810 691 755 487 911 240 431 386 503 602 204 297 125 853
498 699 853 531 885 206 451 754 202 754 638 841 525 678 792 532 690 540 670 376 611 195 865 608 566 679 498 1024
