2
5
8
20
230
100000
20000
100
40
300
0 1 
0 1 
0 1 
1 0 
0 1 
1 0 
1 0 
1 0 
2960 11120 17920 11320 15240 26360 13760
18520 24040 6240 14760 27640 16280 28040
13040 21520 29520 25320 25000 39080 7480
22560 21160 10320 9960 22760 8400 34000
20920 25400 3720 15040 28720 13200 30920
12960 21600 15920 17480 25680 26080 19320
31280 26760 21400 18600 26640 14880 42320
17600 8200 27200 14600 4960 29720 24800
33640 30280 20440 20760 30680 12040 44960
22120 29120 12040 20920 32920 21200 29840
12520 22000 20520 20360 26080 30600 15960
14480 6320 22480 9840 5800 25600 23360
3120 12200 22440 15720 16080 31080 9040
2680 7080 20280 11000 11160 27680 13280
16760 18760 5200 7440 21640 12160 27960
13680 20920 11360 14440 24840 21520 22200
17240 26240 18880 22240 30360 29040 21680
3080 8640 23720 14880 12280 31440 9480
8440 14440 12520 9160 18360 21440 18960
20520 11280 33320 20640 7200 36280 24800
470 713 572 203 550 506 268 395 441 59 652 440 94 282 720 787 696 115 398 668 533 528 267 188 318 593 310 926
352 215 117 434 389 744 577 860 561 582 909 217 551 713 208 384 306 743 792 317 663 528 367 623 827 619 510 542
692 264 328 564 121 449 784 670 304 612 572 516 641 563 643 171 735 743 578 126 338 206 469 540 681 250 378 261
257 399 293 465 562 886 533 962 707 629 1057 231 575 812 53 569 119 782 907 504 818 691 433 709 915 786 630 725
443 325 225 273 172 420 494 535 240 341 589 280 357 392 508 386 558 491 462 267 353 243 179 320 511 339 183 530
460 581 454 170 400 397 349 366 299 93 559 374 152 221 657 642 659 231 333 524 401 380 172 108 311 451 163 777
362 230 154 467 425 783 599 899 600 617 947 243 584 752 180 401 288 778 832 343 701 565 403 662 866 655 550 556
315 488 339 64 380 510 287 519 368 184 680 221 163 371 505 583 505 345 478 466 485 417 34 261 465 506 240 735
318 322 171 221 279 542 418 623 366 346 713 150 331 474 393 433 432 507 562 320 482 372 134 381 585 469 283 592
302 255 126 390 395 733 526 834 551 541 900 167 506 686 199 420 280 702 770 342 657 527 328 592 797 621 489 581
872 730 693 599 454 63 783 238 246 502 122 741 581 256 990 680 1031 519 160 605 170 310 557 348 302 265 326 734
525 723 591 245 539 454 332 331 407 81 594 480 149 223 763 784 746 88 337 667 490 500 292 140 254 557 285 916
137 548 412 420 656 924 414 951 757 581 1097 243 512 805 208 714 107 718 911 632 874 764 426 693 892 861 654 875
334 563 415 43 443 520 237 491 400 122 686 277 87 349 560 656 546 278 463 538 511 463 110 236 428 546 263 806
634 84 245 614 288 675 808 869 508 715 809 470 718 743 484 99 599 868 783 132 568 427 521 691 865 487 535 245
159 592 429 160 563 713 146 685 576 299 881 213 221 546 445 724 394 423 661 613 692 620 223 433 617 712 446 885
508 391 309 295 174 334 518 454 158 317 505 355 353 317 594 422 640 452 379 308 275 184 212 260 438 277 105 551
443 107 57 446 274 650 625 795 467 569 808 279 557 654 335 264 433 729 719 188 559 419 360 579 773 505 443 427
729 862 751 445 632 402 525 177 443 281 493 673 355 180 956 889 948 175 237 780 481 547 475 216 97 572 370 999
138 675 513 297 684 850 183 812 712 423 1018 289 341 678 438 821 352 526 794 716 829 752 357 565 741 845 583 984
702 232 323 595 164 505 812 726 360 654 625 525 679 617 627 117 726 790 634 104 394 262 499 590 736 304 428 212
473 122 88 426 198 576 622 730 394 533 732 299 531 593 404 234 494 689 652 134 484 343 333 525 713 429 381 397
574 309 279 404 49 361 627 539 183 443 517 404 475 416 596 304 664 576 453 199 268 131 312 378 537 224 216 426
320 255 93 297 291 604 475 704 423 432 773 145 411 557 324 389 383 593 639 286 533 409 218 466 670 505 357 553
607 299 293 445 23 368 667 561 197 483 516 435 515 444 613 275 687 613 473 178 268 124 352 413 564 209 250 389
729 615 560 460 343 92 654 248 123 380 263 597 455 177 849 590 888 431 155 499 127 216 414 233 275 219 181 671
138 438 295 354 539 822 410 870 650 519 994 138 460 721 175 601 154 668 822 516 765 651 338 613 817 748 555 764
69 561 412 360 637 881 342 893 719 517 1053 214 445 748 264 722 177 650 858 631 837 735 376 636 832 832 608 885
743 293 374 615 170 464 836 697 334 659 575 566 691 597 684 170 780 787 603 161 352 232 520 581 713 257 420 224
39 543 391 326 608 847 320 859 686 485 1019 185 414 714 272 701 198 619 824 607 804 704 342 602 798 800 574 865
341 783 621 261 706 757 59 654 660 288 910 416 213 543 643 900 575 331 659 784 766 729 356 441 574 809 522 1057
645 119 252 592 228 608 797 810 446 680 740 474 690 689 527 58 635 829 722 74 501 361 497 643 810 418 484 222
568 829 690 318 654 548 327 379 518 174 673 555 204 307 832 897 800 43 410 779 595 614 385 249 295 668 400 1031
928 804 764 648 528 137 821 220 318 538 99 803 620 281 1057 753 1095 534 167 679 243 384 615 385 297 336 387 804
21 564 406 281 602 816 263 815 662 436 988 186 362 672 326 716 256 565 784 617 780 688 311 559 752 784 544 880
710 895 774 438 681 480 483 258 505 274 574 673 334 247 956 936 936 130 317 824 553 608 483 254 178 640 416 1053
665 664 577 378 415 213 546 183 216 264 358 559 345 48 832 672 851 294 126 568 264 320 359 110 167 348 169 774
915 778 741 638 501 111 816 235 294 533 91 786 614 280 1037 724 1077 538 172 651 215 356 600 380 308 306 370 774
368 307 248 527 518 876 631 984 693 684 1041 291 642 836 108 476 232 843 919 430 795 659 474 741 947 749 638 623
307 752 590 238 683 750 24 659 646 284 907 383 205 542 609 872 542 344 660 757 755 712 332 437 581 794 509 1030
703 794 690 413 558 330 526 140 365 257 435 630 338 102 912 815 913 199 173 707 404 469 428 156 61 494 298 922
32 580 424 310 628 846 278 844 691 463 1018 208 388 702 320 735 240 590 813 638 809 716 340 588 780 812 574 899
353 248 99 294 250 563 486 671 382 417 732 177 404 525 366 368 425 577 603 259 491 367 207 439 640 463 322 530
235 493 334 71 430 590 243 594 444 235 761 166 185 448 447 609 434 389 557 494 561 485 88 336 536 577 319 766
142 411 252 258 462 723 353 767 553 422 895 40 368 618 260 562 257 575 720 464 670 563 235 511 715 660 454 726
280 337 232 448 504 838 543 926 657 609 1007 210 562 777 91 507 182 766 867 441 765 636 404 677 884 730 587 663
640 165 255 554 157 534 766 739 374 628 667 465 645 620 557 100 656 772 650 35 427 287 458 581 741 345 419 244
161 414 274 360 522 814 428 869 639 525 986 135 468 720 161 578 159 676 819 494 754 637 337 613 819 734 549 740
751 555 527 504 279 113 713 346 88 453 266 602 520 278 833 509 886 524 252 430 33 135 441 317 378 116 215 577
287 364 209 179 317 552 373 614 383 314 724 132 292 464 397 478 423 476 558 364 500 398 100 364 571 495 285 637
986 673 701 757 428 266 969 517 334 709 246 825 776 506 1021 563 1093 767 434 534 223 303 687 568 577 206 469 557
883 588 603 656 331 207 870 468 233 616 257 722 680 432 923 494 992 685 378 450 131 200 584 480 517 103 370 514
730 992 858 490 799 620 469 393 636 341 711 726 374 385 1002 1049 965 181 457 933 691 737 555 373 316 776 535 1174
417 138 78 457 330 701 621 838 518 591 861 265 571 694 281 306 384 752 764 242 613 474 378 613 812 561 486 465
438 361 255 246 199 405 469 505 231 305 577 283 324 361 526 421 568 454 436 303 347 249 155 285 479 344 155 564
99 649 491 330 684 879 246 856 731 469 1049 271 389 718 382 801 290 582 833 702 849 763 376 605 788 858 608 965
748 423 442 555 169 284 778 524 179 555 400 580 605 440 762 343 838 659 430 286 171 82 471 448 549 78 299 398
818 277 424 753 339 663 963 896 532 825 764 647 844 792 681 114 796 964 803 225 550 431 657 766 910 453 603 50
886 467 538 717 290 406 940 664 346 724 468 712 773 599 854 331 945 827 570 334 302 252 629 616 700 206 469 310
243 581 465 525 725 1017 515 1054 844 687 1189 332 618 907 187 751 62 824 1012 682 960 843 526 796 997 940 748 907
783 475 489 575 216 243 796 493 173 560 349 618 615 421 810 393 881 653 398 338 132 98 495 442 524 31 305 438
790 473 491 585 218 254 806 505 185 572 356 624 627 434 812 386 885 666 411 335 143 107 505 455 537 43 317 428
348 659 506 116 544 584 161 510 484 123 742 341 39 383 612 757 578 232 501 639 590 555 208 274 437 634 346 907
558 218 215 436 61 450 653 629 274 502 600 383 522 503 536 226 617 645 544 112 352 209 340 456 625 292 297 365
324 377 232 168 294 507 379 569 340 284 679 177 273 420 442 477 468 445 512 360 458 362 75 322 528 458 239 632
459 90 77 466 282 662 645 812 480 590 818 297 578 672 338 252 440 749 735 185 570 428 381 597 791 512 460 414
259 433 276 113 372 562 306 593 405 262 734 142 229 444 425 546 430 422 547 431 523 436 61 337 542 530 289 704
710 789 688 419 551 316 536 127 355 265 420 633 347 91 915 808 917 213 158 701 391 459 431 156 53 482 293 913
426 244 221 551 479 851 677 978 668 702 1012 324 668 832 183 409 307 862 908 375 764 624 488 744 947 710 627 552
203 420 257 159 402 623 310 658 460 319 795 80 275 510 363 549 365 476 612 439 578 482 126 402 607 578 351 710
235 670 507 177 615 718 60 657 598 269 881 299 185 528 531 794 473 366 645 680 711 655 264 417 584 742 463 953
467 418 315 239 226 360 462 445 196 265 532 324 297 301 579 466 614 406 378 349 314 238 161 227 418 327 97 601
974 718 723 725 454 193 929 426 311 657 145 822 731 434 1040 626 1101 698 349 581 193 313 665 509 491 223 436 639
760 210 369 725 346 704 926 923 556 813 819 594 823 809 602 89 720 960 832 204 593 461 630 770 929 500 609 131
802 748 682 516 480 142 680 120 260 396 236 689 479 138 955 727 982 393 30 636 242 353 493 245 173 342 280 805
204 354 192 259 402 679 391 741 505 417 851 33 374 592 271 501 294 575 688 402 620 507 213 488 695 604 414 665
537 378 311 331 143 322 554 463 140 351 489 379 389 331 608 396 660 482 383 285 252 151 246 285 452 245 124 520
579 130 242 631 406 798 797 969 622 759 943 439 744 833 369 251 493 918 888 263 697 553 548 764 953 624 621 374
479 97 132 520 342 727 687 879 545 650 881 330 633 738 312 266 425 810 802 227 632 490 438 663 857 571 527 419
724 535 502 479 259 132 690 350 61 433 291 575 498 271 807 495 859 510 256 412 58 119 415 301 376 121 190 570
478 113 145 529 362 746 692 896 565 662 900 334 644 755 299 281 414 823 820 245 652 509 450 679 874 591 545 430
255 723 560 234 673 769 34 694 654 310 929 345 227 571 559 850 489 388 688 737 765 712 322 462 618 798 518 1010
605 324 307 430 49 343 653 533 170 461 494 435 496 416 625 303 695 589 445 205 246 104 340 386 536 195 224 415
274 312 196 417 466 798 525 888 617 576 967 180 532 739 130 481 211 734 828 410 726 597 369 640 847 691 548 639
200 390 227 198 396 641 342 689 473 357 814 45 314 540 327 526 337 515 639 419 591 487 157 434 640 584 372 689
115 556 393 181 548 726 194 714 580 333 897 172 260 573 395 694 347 466 685 586 698 616 225 459 650 710 456 857
914 761 730 641 485 99 823 258 282 542 81 781 622 293 1028 704 1072 554 190 633 196 339 599 388 328 285 367 750
352 632 481 93 510 553 192 490 449 101 713 327 25 358 603 726 577 233 475 607 556 520 179 247 419 599 312 874
815 467 501 621 230 294 843 548 229 614 382 646 667 479 822 365 900 711 454 328 186 144 537 499 582 87 358 393
445 135 60 408 218 588 600 733 405 521 747 272 515 594 379 260 467 678 657 162 499 360 317 521 713 448 382 424
89 564 419 380 649 898 361 913 735 538 1071 227 466 768 253 727 160 670 877 638 853 750 395 656 852 847 626 890
246 516 358 49 444 586 225 580 446 214 756 190 161 435 469 629 453 366 546 513 562 492 95 322 520 582 317 786
243 555 395 54 482 607 186 584 474 206 775 216 141 443 488 668 462 349 557 552 589 524 131 329 520 613 342 825
696 147 309 679 335 712 874 917 553 778 838 534 782 795 531 97 649 929 829 180 602 465 586 748 917 516 590 201
597 684 574 305 462 322 448 228 295 165 463 514 249 94 795 717 799 190 212 606 364 395 311 39 170 440 197 835
866 766 716 585 492 108 756 175 275 473 156 744 555 217 1003 727 1037 473 107 645 221 352 553 320 244 320 329 790
649 811 691 367 598 422 444 237 427 202 536 599 273 181 882 852 869 100 272 739 485 530 404 171 153 568 333 971
575 112 187 508 168 559 714 744 387 597 702 401 606 617 489 137 587 747 659 34 456 312 413 565 739 384 409 298
608 353 327 420 80 314 643 502 139 440 468 442 480 386 642 334 708 564 414 236 220 84 332 360 505 180 198 442
1117 899 896 849 632 297 1035 436 463 753 130 976 833 501 1208 808 1262 757 390 763 351 486 802 600 516 403 569 814
174 520 357 117 486 656 210 651 509 278 826 155 214 507 417 648 389 422 618 536 627 548 154 394 590 641 385 808
748 287 375 625 182 481 846 713 351 672 590 571 703 613 682 157 780 801 620 159 368 248 530 597 729 273 435 208
600 451 392 366 192 241 584 392 63 350 410 451 402 271 688 448 736 459 307 346 181 122 295 250 391 199 94 555
647 127 255 589 217 597 794 800 435 674 728 475 686 679 534 57 641 822 711 66 489 349 493 635 800 406 475 220
807 494 512 598 239 242 818 497 190 579 337 642 636 432 833 406 905 669 403 356 134 122 519 458 532 39 324 443
252 726 562 242 679 778 43 704 662 320 939 346 237 581 556 854 484 397 698 741 774 720 329 472 628 806 526 1014
306 344 254 483 527 868 574 960 686 644 1036 245 597 811 67 514 178 801 900 456 793 662 439 712 918 755 620 667
416 169 52 373 222 579 565 714 395 489 741 241 481 572 371 293 451 648 639 190 494 358 284 495 690 450 362 456
818 833 751 526 573 255 658 9 357 382 317 726 465 141 1003 826 1016 334 86 729 354 456 524 250 82 454 343 912
663 488 444 424 215 186 639 371 5 392 351 513 452 269 746 463 797 486 280 371 118 99 356 274 383 148 140 554
632 570 493 360 316 192 557 271 122 288 361 506 359 146 767 573 798 362 193 470 199 225 317 152 266 267 90 676
784 875 775 495 632 361 591 114 429 335 433 715 413 169 998 889 996 245 190 784 450 533 514 242 51 546 378 989
740 319 383 597 152 423 820 657 297 632 535 565 668 560 699 208 790 756 564 182 311 193 504 549 675 216 389 263
851 407 490 702 261 447 925 700 361 724 525 676 766 622 801 264 896 838 605 278 338 259 610 627 729 238 473 247
590 405 354 375 144 275 597 439 92 378 440 433 424 318 658 401 712 497 354 298 200 102 295 291 438 193 129 511
596 751 630 310 544 404 408 257 385 147 533 539 224 163 823 797 813 101 271 683 454 485 343 118 178 531 280 920
808 324 429 690 246 517 910 759 402 735 612 631 767 666 728 170 830 861 665 209 405 298 595 655 780 306 494 163
625 125 268 657 392 782 833 965 611 777 921 478 768 833 425 206 548 934 881 240 677 535 571 771 954 600 622 320
235 737 574 278 707 821 90 751 701 367 983 352 283 627 540 872 460 444 745 761 814 755 360 517 675 843 566 1033
127 436 289 333 527 804 392 849 632 498 976 120 439 701 194 598 174 647 802 509 749 636 317 592 796 733 536 761
118 451 289 220 478 713 305 742 550 385 886 64 327 594 302 596 283 535 699 493 668 568 213 484 686 665 441 760
847 772 714 562 499 131 728 139 280 444 192 731 527 186 994 741 1023 438 71 654 241 365 536 293 207 341 318 810
169 395 252 347 499 792 426 851 617 511 964 116 457 702 171 558 181 664 800 473 732 614 319 596 801 711 528 721
80 577 429 372 655 896 344 906 735 528 1069 232 455 762 272 739 178 658 871 648 854 752 392 649 843 849 624 902
440 609 475 149 441 438 308 385 345 49 597 372 107 246 656 678 649 203 362 560 446 425 178 133 322 497 209 816
326 227 99 395 371 715 541 824 533 543 882 182 512 677 222 391 308 704 758 314 637 505 328 586 790 598 476 553
473 327 241 297 148 396 519 522 214 353 564 310 374 383 533 374 586 498 447 257 326 213 204 318 503 310 171 514
178 483 320 126 454 643 247 653 490 291 814 122 234 507 394 611 376 441 615 500 608 523 137 395 595 617 370 772
660 965 822 441 791 658 390 451 648 310 765 673 324 416 941 1035 896 168 504 917 717 746 516 379 370 795 535 1168
747 924 805 474 704 482 519 247 520 310 566 709 371 259 992 960 973 167 315 848 561 624 517 280 172 652 439 1074
397 183 126 475 388 756 622 884 573 619 917 263 592 739 226 353 336 780 813 298 670 531 404 653 854 619 532 508
210 493 332 91 444 613 238 618 465 256 784 150 202 472 427 614 411 407 581 500 583 503 110 360 560 596 342 773
719 347 384 555 122 362 778 593 233 578 482 546 618 497 704 261 787 697 500 208 250 129 464 488 611 160 330 327
289 737 575 229 673 750 7 665 642 286 908 366 205 546 590 859 524 354 663 744 752 705 322 439 588 789 505 1017
176 401 263 367 515 812 440 872 636 531 984 137 476 722 152 565 161 683 820 483 750 632 340 617 822 729 548 727
159 692 530 297 694 850 166 805 715 416 1017 305 333 673 461 836 374 514 789 731 832 759 362 560 733 851 585 1000
493 411 319 269 203 338 492 441 169 288 510 346 324 299 595 448 635 424 369 334 287 208 190 236 419 297 89 579
406 607 466 116 455 474 271 422 375 52 635 348 74 285 631 685 619 213 401 566 479 451 162 172 357 526 238 827
916 621 639 686 366 213 899 472 263 640 238 756 707 447 958 524 1027 704 384 483 154 235 616 502 525 138 399 537
362 661 509 120 540 572 175 495 474 108 729 349 26 369 622 756 591 219 486 638 579 547 209 260 422 625 337 905
371 186 86 430 357 716 584 838 533 572 879 225 546 693 241 353 339 734 769 283 633 496 358 606 808 587 488 513
516 690 561 229 503 427 342 324 372 67 572 460 148 203 743 749 732 123 320 632 458 464 267 110 251 523 249 880
286 396 243 147 332 541 347 590 377 282 714 146 258 441 421 505 439 443 538 390 496 402 67 338 544 497 271 663
809 521 530 589 258 204 806 460 172 560 302 647 621 401 848 440 917 643 367 385 99 125 514 433 498 28 309 481
227 660 531 519 778 1040 467 1053 876 674 1213 364 598 909 283 829 156 798 1019 751 993 886 538 796 990 983 769 988
310 241 102 376 370 707 522 811 525 525 875 163 493 663 225 403 304 686 746 321 632 501 310 571 775 595 465 566
513 197 169 406 104 479 619 644 299 486 635 337 499 512 490 242 569 635 562 123 387 246 310 455 633 334 301 392
524 382 308 316 155 327 539 460 147 338 497 368 374 326 601 406 651 470 382 294 262 165 232 275 447 258 116 532
423 633 493 138 476 476 271 409 386 27 633 372 69 276 655 708 640 187 393 590 487 465 189 165 341 538 250 850
470 177 193 559 428 810 705 953 628 701 966 346 675 809 252 339 375 862 878 312 717 575 486 728 927 658 601 480
655 870 741 390 669 504 423 302 507 230 611 627 282 264 909 921 884 74 350 806 567 608 443 243 219 649 406 1045
299 301 142 247 298 582 430 666 404 383 753 124 361 518 350 426 393 544 605 317 518 403 169 424 629 500 325 588
529 895 743 353 760 703 250 539 654 271 833 567 246 465 822 987 766 204 570 868 742 743 442 392 455 806 525 1131
612 939 793 406 779 673 338 482 649 290 790 633 291 431 898 1017 849 170 527 899 725 744 487 379 399 798 529 1155
141 429 286 347 528 812 408 861 639 512 984 129 454 712 178 592 163 662 813 506 755 640 329 604 809 737 545 755
60 591 439 347 653 880 308 881 723 500 1052 230 425 738 305 749 214 626 849 655 841 745 374 624 817 841 607 913
298 269 150 406 421 760 533 859 578 561 927 177 523 710 173 437 258 721 796 363 684 554 349 615 821 647 515 596
694 1029 883 497 863 731 415 518 723 377 835 723 382 490 984 1104 932 242 575 986 792 821 578 453 439 870 608 1240
793 250 400 736 332 669 944 897 531 813 775 623 830 789 652 92 767 955 805 208 556 432 641 759 908 461 597 77
149 601 437 178 578 731 145 701 593 315 899 219 236 564 441 735 385 436 679 625 710 637 240 450 633 729 464 897
708 290 350 571 125 430 792 656 291 612 549 533 645 553 666 193 757 740 563 152 318 191 477 535 670 228 373 269
370 653 503 116 526 554 192 480 457 92 711 349 8 352 625 745 597 212 470 626 562 531 200 243 407 608 320 893
555 243 226 419 46 426 638 603 249 480 579 380 502 477 547 251 624 621 518 138 330 188 324 431 598 276 271 386
749 466 468 536 197 225 756 466 133 520 349 585 575 387 786 398 854 615 371 332 113 63 457 403 493 34 265 457
689 470 443 462 193 197 679 408 53 439 351 533 496 314 753 431 811 534 316 346 103 56 388 323 426 104 184 513
653 387 372 456 111 281 679 486 120 463 428 488 508 380 688 349 755 577 395 262 180 38 371 368 497 133 211 441
832 360 458 703 257 497 924 744 393 739 584 656 775 657 761 207 861 861 650 239 386 290 608 653 769 286 494 187
797 353 433 655 211 447 877 690 338 687 542 621 724 602 745 219 839 807 596 222 335 234 562 598 714 235 440 234
821 690 647 549 415 33 735 229 201 456 172 690 534 219 940 649 981 483 140 568 143 274 506 303 282 243 275 713
658 886 755 398 689 526 419 322 529 241 633 636 288 286 916 939 888 80 372 824 590 630 455 264 239 672 426 1065
104 605 459 394 685 924 351 928 764 548 1096 262 472 785 288 768 184 674 896 678 882 782 418 672 864 879 651 931
241 462 352 482 619 932 524 994 755 647 1103 259 588 845 77 632 57 796 943 566 867 744 462 738 944 840 670 787
810 791 717 520 527 199 669 62 309 387 273 708 471 129 980 777 1000 362 33 683 299 405 508 243 124 399 310 860
658 397 380 456 120 271 679 477 111 460 419 493 507 372 696 358 762 572 386 272 170 30 373 363 489 126 207 449
672 130 293 673 355 738 861 936 574 779 869 515 779 811 494 135 614 933 849 199 631 490 582 758 932 547 602 242
617 976 825 436 826 732 337 540 703 335 849 655 325 490 911 1060 854 227 586 941 782 797 522 435 457 854 580 1201
380 684 533 144 558 575 177 487 485 107 730 373 37 366 645 777 611 200 483 658 587 560 231 260 412 636 348 925
199 431 307 424 568 873 478 933 697 588 1045 198 531 784 105 599 102 739 883 525 810 689 401 678 883 786 610 758
515 364 290 316 143 344 539 479 163 347 513 356 380 344 585 391 636 483 401 277 275 171 229 291 465 266 133 520
404 326 208 246 206 453 464 554 276 330 624 241 337 409 476 403 522 485 486 284 391 282 150 328 525 379 204 553
402 290 172 271 196 477 484 588 297 365 647 233 368 444 451 374 504 521 518 256 408 291 176 364 561 388 237 527
371 250 112 293 229 541 492 652 359 409 709 195 400 507 389 360 448 568 583 248 468 343 203 423 623 440 302 520
138 665 503 276 668 830 167 791 692 402 997 278 320 656 442 809 360 507 772 703 809 734 338 543 720 826 563 972
700 491 462 467 215 175 682 389 47 436 330 546 496 299 771 452 827 526 296 368 85 76 396 314 409 105 184 531
602 809 679 331 613 476 383 303 461 168 597 567 226 234 849 863 828 33 334 747 529 559 381 192 220 607 352 990
806 664 623 538 388 17 729 250 176 452 185 672 529 225 919 621 962 488 158 541 117 247 491 301 298 217 258 686
342 358 218 191 271 496 403 569 326 299 669 188 292 420 444 454 477 459 509 337 443 343 96 327 531 439 232 609
424 686 541 162 539 529 230 434 448 60 680 399 49 314 677 768 651 159 431 650 546 529 235 211 359 600 313 912
225 390 270 423 535 850 496 921 672 587 1021 189 533 772 95 559 136 740 867 487 784 660 391 668 874 756 591 718
515 750 612 248 577 500 302 366 451 95 638 486 139 266 766 818 742 69 379 700 536 543 309 186 286 602 327 953
949 752 736 684 478 131 876 331 296 597 63 808 675 357 1043 679 1094 620 260 619 189 330 635 445 400 259 401 711
167 598 464 458 708 972 428 991 806 616 1145 294 543 846 240 765 120 747 954 684 924 816 471 734 930 913 701 926
780 423 458 596 189 316 819 563 224 599 418 609 648 483 779 325 859 704 468 284 204 127 509 493 591 104 344 365
684 494 457 447 219 175 661 375 25 414 336 533 474 280 762 461 815 504 283 373 97 89 378 292 392 127 162 546
938 759 736 670 483 118 858 303 293 578 56 801 657 334 1041 692 1089 596 234 627 192 336 624 425 374 271 390 729
707 777 677 416 536 301 540 123 339 266 408 627 348 75 908 793 912 223 145 687 375 443 424 148 57 466 280 898
221 468 352 467 617 924 504 981 747 631 1095 247 571 832 95 638 53 779 932 568 861 739 449 725 930 835 660 794
207 351 189 260 399 678 394 741 504 418 850 36 376 592 270 498 295 577 687 399 619 506 214 489 695 603 414 662
380 437 306 150 297 439 373 485 286 217 612 253 226 336 526 515 546 374 431 396 404 330 68 238 443 420 167 661
165 652 489 221 632 774 118 730 641 341 940 267 259 596 468 789 400 447 713 679 757 688 291 483 658 779 510 951
970 819 789 694 543 159 871 273 342 589 47 840 670 333 1088 757 1131 588 221 689 252 396 656 435 351 336 425 796
783 242 390 723 318 656 932 883 517 799 763 613 816 775 646 80 761 941 791 195 544 419 627 745 894 448 583 85
836 831 755 545 568 234 684 32 350 405 287 740 489 155 1014 818 1030 364 74 724 337 446 538 268 113 437 347 900
942 655 670 707 398 212 917 466 284 654 213 784 723 451 989 556 1057 711 381 516 170 264 639 513 523 169 418 566
412 370 253 221 224 424 443 511 253 289 596 260 302 365 511 439 549 441 446 321 371 276 128 282 480 370 165 585
671 338 352 500 79 342 723 558 192 524 477 499 563 454 673 280 750 645 466 204 234 95 410 438 570 158 278 368
619 640 544 332 402 250 502 220 220 220 402 516 300 72 791 659 807 268 172 551 287 322 315 68 190 363 143 769
246 639 517 537 771 1047 500 1070 879 695 1220 365 621 924 250 809 124 824 1032 735 995 884 548 812 1009 981 776 966
673 731 631 381 492 281 520 152 299 239 405 586 323 40 866 749 874 226 144 642 345 403 383 107 102 432 234 855
222 413 251 153 385 604 317 643 442 309 777 92 269 494 375 538 381 468 595 427 560 464 111 387 593 560 333 699
416 653 509 140 503 503 246 425 415 36 658 377 46 297 658 733 638 177 414 614 516 495 204 189 354 567 279 875
968 809 781 693 533 152 873 282 335 590 37 835 671 337 1082 745 1126 594 227 678 242 385 653 437 359 324 421 783
401 621 478 116 474 491 254 431 394 48 650 351 55 296 634 701 618 205 413 583 498 470 173 184 363 545 257 845
662 974 831 448 803 672 390 465 662 320 779 678 331 430 945 1046 899 180 518 928 730 759 525 392 384 808 547 1180
654 107 263 625 281 663 823 864 501 721 795 488 727 740 510 74 624 872 776 126 556 416 531 691 862 472 534 221
703 672 594 419 414 171 591 169 203 309 313 591 389 73 860 668 884 334 94 569 232 306 394 155 175 322 187 762
694 542 495 441 269 136 649 321 50 389 306 551 455 230 792 515 838 465 229 425 98 143 382 256 340 165 152 600
537 683 560 247 486 394 373 295 345 93 539 472 176 170 755 735 749 140 287 619 427 439 274 78 226 495 226 862
855 681 653 591 404 40 786 289 207 510 142 716 586 281 956 624 1004 545 203 552 115 258 541 359 345 206 308 675
556 14 167 542 264 655 732 832 481 651 801 392 649 700 421 158 530 807 749 124 554 410 451 638 821 483 489 317
829 280 437 782 382 716 988 946 581 862 818 661 877 839 673 136 791 1004 853 255 603 481 687 809 958 506 647 70
939 778 750 667 502 122 850 276 304 568 54 806 648 318 1051 716 1096 578 213 648 211 355 625 415 349 295 392 757
159 659 515 444 744 980 376 977 822 593 1152 321 515 835 319 822 202 712 948 735 940 841 474 722 911 938 707 985
668 979 836 454 808 674 395 465 665 325 780 684 337 432 951 1050 905 184 519 933 733 763 530 395 384 812 551 1184
55 523 373 332 596 844 339 864 680 493 1016 173 424 718 251 683 182 630 825 591 798 695 342 606 804 792 572 846
428 125 77 461 320 694 629 834 511 593 853 274 575 691 294 292 398 754 759 228 604 464 380 612 809 551 482 452
520 311 252 348 97 378 571 530 195 396 542 352 423 397 559 337 621 535 449 222 297 171 256 346 519 268 188 469
144 517 354 148 499 682 218 681 533 308 853 140 242 537 392 651 359 450 648 541 651 568 178 424 620 662 411 813
845 620 608 597 346 103 803 365 182 537 194 695 607 334 919 551 976 593 274 487 64 199 535 394 414 130 307 594
146 665 518 424 739 964 348 956 809 570 1136 315 491 815 339 827 225 686 928 736 928 832 458 701 889 928 692 990
