2
5
8
20
230
100000
20000
100
40
300
1 0 
0 1 
1 0 
1 0 
1 0 
0 1 
1 0 
0 1 
16240 26520 32480 19640 33040 30400 16160
17120 20760 1080 17120 10560 6080 26920
14520 5000 14760 20360 23920 9840 13240
25200 11520 31000 32280 39440 26080 11240
7920 11120 18560 15000 23840 15080 7920
17160 27240 9200 13600 1920 13640 30600
13200 28520 15400 6880 7920 18080 28360
17400 13440 28360 24320 34240 24240 2560
13200 26680 12080 8320 5280 15160 27880
24080 13600 14440 28000 25600 10880 24640
14080 5360 20280 21000 27880 15720 6760
19800 33400 16760 13800 5760 20840 34720
20800 11440 29200 27880 36440 24600 5880
23320 36680 39320 23720 37040 38280 26720
6720 14720 10120 10560 15200 8200 16800
24320 17440 11560 27040 22360 9560 27680
15040 32920 24200 8720 17400 25840 29240
10360 14880 23880 17000 27960 20640 6000
19520 21520 33680 25360 37400 30240 9960
11240 27400 26720 11120 24680 26080 20280
825 353 401 657 674 492 654 346 1025 316 413 760 620 526 697 803 614 163 577 717 773 1234 485 52 912 759 983 933
345 355 153 242 243 244 194 209 568 266 278 636 246 322 319 505 276 457 345 447 556 751 26 447 463 366 611 443
177 771 621 436 364 586 380 667 229 740 672 814 449 670 479 554 535 933 602 643 676 263 502 942 321 385 466 55
509 154 458 602 321 124 538 223 620 510 114 292 236 662 682 305 640 366 92 810 268 874 339 454 785 329 503 642
428 989 909 737 584 800 678 913 251 1028 891 910 655 971 778 644 836 1175 779 938 769 61 772 1203 593 541 469 352
109 656 475 298 270 478 235 539 309 593 558 763 355 530 352 523 398 803 516 523 634 408 363 804 256 337 493 91
511 364 633 719 355 281 643 424 535 704 320 150 287 829 803 140 779 571 170 952 56 799 484 666 849 282 345 639
301 486 203 119 278 360 64 340 540 320 406 739 318 282 201 571 184 580 449 354 643 682 153 556 333 404 637 365
675 215 299 549 518 335 531 188 868 256 259 632 462 469 603 650 526 123 423 657 628 1083 341 107 798 600 826 788
235 559 299 127 274 411 51 419 473 415 471 767 335 348 201 570 224 670 485 373 658 593 229 651 254 389 603 275
617 525 162 309 553 512 350 389 854 117 498 901 554 110 314 810 229 493 623 300 845 994 330 405 552 677 922 677
556 741 351 203 587 656 287 589 785 396 681 1046 630 186 127 883 136 765 755 46 956 847 438 693 323 710 931 554
666 411 745 859 506 395 785 513 676 800 403 9 434 947 942 276 911 595 292 1084 149 940 610 705 1001 436 460 793
230 791 576 357 406 615 320 669 353 691 694 891 492 590 384 642 451 931 652 538 758 352 487 924 198 461 579 113
270 333 285 330 118 164 257 225 465 390 237 527 112 454 413 372 389 491 239 562 433 676 115 513 498 233 479 393
543 848 477 258 623 737 328 697 750 541 777 1112 682 339 181 919 248 898 824 174 1007 763 524 836 223 735 932 504
267 614 327 104 330 470 72 472 499 438 528 826 395 339 161 626 204 716 545 334 716 592 282 690 200 442 648 280
298 694 397 149 395 548 149 552 511 502 607 896 465 375 166 684 236 794 619 327 780 567 362 764 120 497 687 273
120 562 382 241 202 391 164 441 358 502 467 705 281 460 311 485 339 705 441 485 585 498 264 705 292 298 495 185
259 646 683 612 290 465 531 604 132 795 555 538 330 815 684 269 706 848 419 858 396 395 517 900 611 193 140 326
396 880 586 331 544 724 341 741 546 685 791 1045 623 531 313 810 397 986 783 421 920 507 551 955 75 624 768 302
462 171 242 424 297 133 378 33 647 295 108 509 242 447 497 455 442 299 241 606 464 868 163 328 645 382 614 583
346 505 641 643 260 347 559 500 314 739 426 355 249 807 723 86 723 716 269 890 213 578 471 786 709 135 146 457
355 346 147 250 249 240 204 199 577 258 271 634 248 322 326 507 280 446 343 451 556 761 24 436 473 371 616 454
294 878 679 459 480 697 423 762 343 794 780 943 566 691 481 684 551 1026 723 627 806 270 584 1023 271 513 591 160
292 872 668 445 477 692 411 755 352 782 774 945 563 677 466 687 537 1018 721 611 808 286 576 1014 255 515 598 159
111 533 375 259 167 359 178 416 350 495 436 671 246 469 333 452 354 681 406 506 551 508 246 686 327 266 471 202
645 419 161 395 542 447 413 303 873 42 412 818 522 242 422 764 337 360 557 433 780 1042 314 270 650 657 901 726
381 302 155 293 255 207 248 155 594 253 229 603 239 346 367 492 318 405 314 486 532 789 39 401 517 369 615 487
501 94 335 512 320 103 460 92 659 379 19 424 246 541 588 408 535 279 182 700 395 895 246 343 722 375 588 629
224 447 260 209 178 293 130 315 457 379 356 653 224 378 293 473 285 575 368 453 550 626 132 573 370 303 537 317
322 591 686 653 291 422 570 571 233 791 507 439 304 837 730 175 741 799 356 901 298 494 516 863 685 168 78 412
410 367 571 632 258 235 553 389 447 655 299 250 199 759 716 92 698 579 134 870 128 710 412 659 751 181 290 538
619 333 162 417 496 375 418 224 837 92 331 735 465 307 459 696 377 284 483 497 704 1024 276 212 672 603 845 713
143 466 443 401 58 277 318 388 292 555 368 524 135 583 481 295 487 648 286 650 397 519 278 682 479 108 332 277
100 691 578 427 280 503 358 596 179 698 592 722 363 655 484 462 527 862 513 655 584 308 443 879 368 293 388 77
395 246 437 533 210 92 461 246 505 514 163 325 125 632 616 231 586 454 36 759 246 757 288 523 691 214 409 529
401 315 124 281 283 234 244 164 619 223 249 630 270 318 352 523 297 401 343 463 562 808 57 388 514 400 645 502
215 542 586 541 189 360 458 498 208 695 450 480 224 729 618 215 630 743 321 789 339 469 417 793 580 87 187 321
129 712 611 461 301 524 392 622 149 730 613 725 382 689 517 462 561 887 527 688 586 279 473 908 393 301 372 99
294 653 708 646 313 476 564 619 156 819 564 520 346 845 718 255 739 858 422 892 379 414 541 914 647 206 105 362
62 652 546 407 241 464 334 557 191 665 553 690 324 631 468 434 506 822 475 641 554 345 406 842 372 260 376 98
474 224 174 379 327 199 344 73 676 225 178 580 287 379 447 518 385 303 310 543 533 883 140 304 614 427 666 585
616 318 168 424 489 363 421 211 832 106 317 721 456 320 467 685 387 271 470 509 690 1022 272 203 678 594 835 712
489 118 389 545 303 81 485 153 627 440 45 362 221 594 624 350 577 325 123 745 331 872 279 401 740 337 537 621
176 571 582 517 191 384 435 515 173 695 476 527 243 715 592 262 609 766 356 764 387 428 417 811 540 119 214 275
375 386 110 210 291 292 179 235 605 229 317 686 298 270 281 557 230 466 396 399 608 775 77 441 447 415 660 462
89 513 402 312 121 330 230 408 314 520 414 621 205 513 388 396 404 674 366 560 498 497 255 690 378 210 416 210
239 556 611 568 214 376 486 517 205 720 465 471 244 756 645 204 657 759 330 817 330 468 443 813 604 105 160 339
244 351 363 390 60 164 311 272 408 466 252 475 44 530 473 298 458 531 200 629 369 636 193 567 528 157 402 377
163 468 324 255 133 297 172 349 392 442 372 630 199 441 336 430 339 614 355 503 517 569 182 622 372 251 478 268
680 532 836 921 546 483 842 618 643 903 510 124 487 1033 1004 265 983 723 372 1156 161 900 689 831 1034 450 402 798
464 569 753 767 383 436 683 591 386 846 503 312 361 926 847 113 846 781 339 1014 186 640 586 863 829 259 142 566
462 139 370 518 276 53 457 144 604 428 48 377 195 574 597 343 553 340 118 722 335 847 253 408 711 317 524 593
190 426 309 277 109 255 195 311 408 426 330 594 163 444 359 405 354 577 316 521 486 598 155 589 412 234 471 304
283 524 615 595 222 351 511 499 257 719 437 416 231 771 674 148 680 730 291 843 274 521 445 791 648 97 149 391
430 575 202 82 426 482 145 422 669 285 510 873 461 154 102 718 38 623 581 211 784 778 264 569 327 552 783 464
328 449 163 148 280 333 107 300 565 282 372 720 308 269 226 566 192 537 429 365 631 718 119 512 376 407 646 402
479 238 510 624 298 157 553 291 562 575 187 238 215 710 707 223 673 449 56 846 189 821 372 537 784 276 425 613
379 659 315 63 430 538 129 509 609 407 583 913 485 260 51 727 121 731 625 223 810 683 329 686 204 547 759 381
527 133 261 470 360 174 431 30 709 288 113 517 300 465 539 495 477 235 272 634 489 931 219 269 700 438 665 647
431 789 446 196 525 660 246 641 635 531 710 1022 590 357 147 817 232 864 739 243 911 656 457 816 119 631 820 389
315 851 800 656 451 663 588 782 108 919 754 770 519 885 709 503 756 1041 637 877 629 164 653 1076 559 400 337 278
439 801 457 207 535 671 257 652 641 541 722 1033 601 365 157 827 242 875 750 245 921 658 468 826 118 641 828 394
621 96 484 669 434 216 614 237 742 509 148 329 349 689 744 415 691 275 214 854 353 994 402 382 873 450 618 754
362 887 847 703 493 700 636 823 144 965 792 788 557 932 756 523 804 1080 669 924 647 161 698 1117 602 433 345 324
743 415 269 512 622 491 526 336 964 157 435 830 589 351 539 814 454 298 595 540 812 1146 402 185 767 728 969 833
480 219 493 613 296 142 543 272 571 556 167 253 212 694 695 241 660 430 51 832 209 829 358 517 778 282 441 614
622 676 282 264 610 627 338 530 861 287 633 1023 635 77 223 894 164 664 735 133 949 955 417 578 454 737 973 648
440 451 657 700 317 325 619 479 427 743 387 242 273 840 783 27 772 663 223 943 100 691 494 746 796 211 228 559
385 239 414 511 199 71 440 227 507 492 150 347 113 608 594 251 563 443 57 736 270 755 264 508 674 216 422 519
259 827 614 392 439 650 358 707 356 729 730 918 525 624 415 665 484 969 684 564 784 327 526 962 214 487 592 132
288 309 357 413 102 120 338 239 444 454 210 445 37 536 497 291 474 492 162 647 348 677 191 535 565 176 417 420
604 341 665 782 437 315 709 435 637 722 325 81 361 868 865 241 833 534 213 1005 126 902 531 640 931 378 442 734
640 537 183 329 575 530 373 404 878 124 513 917 575 121 331 830 247 496 641 307 863 1016 351 403 571 699 944 699
487 217 179 390 339 203 357 68 688 223 176 580 297 384 457 524 394 290 313 551 536 896 154 291 626 437 675 599
473 540 739 764 378 414 681 568 411 829 478 278 349 916 845 92 841 752 313 1009 151 668 573 837 837 259 174 580
454 175 243 420 289 127 372 42 639 299 108 506 234 448 494 449 440 307 236 604 459 859 158 336 639 374 607 575
489 478 705 752 369 366 671 519 459 788 423 214 324 890 835 74 823 689 260 994 80 721 543 778 847 261 238 605
402 324 114 273 289 245 238 173 623 216 259 640 278 307 343 533 287 406 353 453 572 809 61 390 508 407 652 501
303 632 701 649 304 458 566 603 183 810 545 492 331 843 723 227 740 838 399 896 351 442 533 897 661 191 87 379
563 129 479 641 376 169 581 235 675 520 129 290 290 685 720 347 673 332 146 840 293 929 375 430 832 384 549 697
710 238 325 578 553 368 562 223 903 271 289 652 496 487 629 680 551 106 454 676 655 1118 376 72 828 635 858 823
305 870 644 412 485 694 386 747 394 756 773 965 570 640 426 711 501 1007 730 567 830 336 563 997 207 534 634 178
681 242 286 539 528 353 525 202 879 234 280 658 476 449 590 670 512 142 445 638 652 1089 343 98 790 615 843 791
478 427 34 227 403 377 236 278 712 134 379 772 406 177 271 663 194 455 486 340 705 868 181 401 482 527 772 552
532 870 507 275 625 751 338 719 731 576 796 1120 688 379 205 918 280 928 835 219 1010 731 542 870 194 733 921 483
552 457 83 275 477 433 300 316 787 82 423 824 475 145 301 731 217 449 544 331 766 939 252 377 529 600 845 622
552 366 78 332 446 363 336 231 778 62 340 746 429 239 375 675 295 358 475 424 698 953 219 296 587 562 807 639
356 922 837 667 515 733 607 843 194 956 824 863 588 901 711 594 767 1106 717 873 721 70 700 1132 534 479 432 282
555 346 92 348 443 350 347 214 779 74 323 729 422 260 393 664 314 337 461 444 684 958 217 279 603 556 801 646
324 914 784 593 502 725 542 820 240 903 814 901 582 829 629 633 692 1085 724 786 760 104 661 1101 438 492 495 218
326 586 685 655 291 419 572 568 240 790 503 432 303 838 733 168 743 795 351 904 291 501 516 859 690 167 78 417
208 403 303 291 101 231 211 290 419 417 306 575 144 447 374 392 363 556 294 533 469 616 142 570 435 228 468 326
396 198 330 454 213 24 390 143 553 404 99 420 140 528 535 338 495 383 133 666 356 788 193 434 642 274 499 526
624 784 389 270 652 710 353 633 853 417 729 1103 692 200 195 947 193 792 812 21 1016 909 493 712 378 776 998 620
292 887 725 521 479 701 476 783 279 843 788 914 563 756 552 648 617 1048 713 705 773 186 614 1055 354 491 534 167
753 416 280 524 630 496 537 341 973 169 439 831 596 362 551 819 465 293 599 551 815 1156 411 178 779 735 975 843
574 640 244 218 561 583 289 491 813 266 592 979 586 51 185 846 118 641 689 140 902 912 371 562 423 688 923 603
112 537 376 256 172 363 176 419 351 495 440 675 251 467 330 456 351 684 411 503 555 507 248 689 322 270 474 199
425 1005 895 707 595 816 655 919 286 1014 906 955 671 942 742 686 805 1184 804 896 813 22 768 1205 544 567 522 330
476 411 19 237 395 362 242 262 709 131 363 756 394 192 285 651 209 440 472 357 691 869 170 389 492 518 763 553
810 404 355 605 674 516 612 362 1022 252 446 819 631 451 636 836 551 242 611 640 818 1217 466 118 860 771 1004 909
248 417 239 222 177 267 148 284 476 357 327 636 212 372 306 466 289 544 348 460 537 652 102 543 398 303 543 346
614 445 745 836 468 392 759 526 606 811 419 71 403 943 920 208 896 641 282 1069 85 868 599 745 960 383 382 737
392 255 196 342 245 158 292 114 593 281 178 554 212 394 418 456 369 376 267 538 488 800 77 387 559 349 592 506
538 657 264 177 541 585 255 507 774 306 602 979 574 100 132 832 80 675 688 110 895 864 368 603 367 667 898 558
335 918 713 486 521 738 456 802 373 827 820 983 607 716 503 722 577 1065 764 643 845 269 622 1060 282 554 624 201
615 135 300 533 448 253 503 118 796 291 173 550 386 492 596 564 527 148 338 672 543 1020 297 187 772 522 743 733
240 641 372 150 329 488 114 503 463 484 552 831 400 385 197 619 249 753 556 368 715 546 313 731 174 433 627 237
392 485 134 123 354 391 129 333 631 242 418 783 379 195 183 638 129 546 492 300 699 769 173 504 376 481 720 452
232 459 253 190 196 309 111 324 467 373 369 672 243 363 273 492 266 582 386 434 569 629 137 575 356 321 554 317
595 472 756 833 458 404 755 545 573 827 439 114 400 950 917 182 897 673 292 1070 74 834 605 774 947 364 343 715
99 520 386 284 142 341 203 409 333 505 422 644 223 489 360 424 377 674 384 532 523 504 246 685 353 237 444 207
15 601 498 376 191 414 299 505 224 617 501 657 276 594 443 409 474 770 430 616 524 397 355 789 375 226 376 133
790 421 323 568 662 516 580 361 1007 214 453 837 624 406 596 839 511 276 616 594 829 1195 447 155 823 763 1001 883
429 456 654 693 309 325 611 480 414 742 390 255 268 835 776 14 766 668 226 936 113 678 490 750 786 201 217 547
412 868 558 302 548 718 323 726 576 654 781 1051 625 493 276 823 362 965 783 377 929 550 536 929 55 635 791 329
565 357 658 760 404 305 685 436 591 722 328 99 332 857 843 193 815 557 197 988 81 856 516 659 899 337 395 694
358 771 808 719 418 593 641 734 139 922 682 617 460 931 786 361 816 976 540 959 480 341 645 1030 681 322 167 387
694 178 352 597 528 327 572 198 876 317 242 589 464 529 654 630 580 72 404 716 598 1100 372 123 841 599 815 812
339 868 608 363 505 701 353 737 464 715 775 999 588 582 364 754 444 991 749 493 869 419 548 971 131 571 695 229
183 748 667 521 338 559 453 666 99 787 650 728 415 750 577 460 622 929 551 748 586 237 525 955 445 316 345 153
640 545 187 326 578 536 371 411 878 133 520 924 579 114 326 835 242 505 647 298 869 1014 355 413 565 702 947 698
170 765 620 439 357 579 382 663 218 739 666 804 441 673 484 543 539 928 593 649 666 261 499 939 330 376 455 55
246 546 608 570 211 367 487 510 217 716 456 459 237 756 648 192 658 749 319 819 318 481 439 804 611 97 159 349
340 810 812 699 434 627 625 760 102 928 717 684 488 919 761 422 798 1009 584 933 544 267 654 1056 637 355 238 344
236 377 283 295 114 209 218 262 444 395 281 565 139 437 378 394 361 527 280 532 465 644 118 542 454 239 483 354
604 579 832 881 497 488 800 637 535 912 536 221 454 1019 964 199 953 783 378 1124 160 786 673 881 966 384 285 711
715 142 422 657 539 323 624 227 879 398 231 527 466 608 719 599 649 74 378 792 551 1114 415 189 894 594 794 840
764 288 360 616 609 425 606 280 960 290 345 699 554 506 662 736 581 116 509 697 707 1173 427 15 869 692 916 875
630 154 299 538 466 273 510 135 815 282 195 570 405 487 598 586 527 136 359 669 564 1036 308 166 779 542 764 748
151 702 504 307 319 526 255 582 325 621 605 810 404 542 351 567 406 845 564 517 680 390 403 842 223 382 526 82
367 543 680 675 296 387 592 541 306 779 466 365 289 845 755 103 758 754 307 923 225 568 511 826 731 170 109 470
509 817 450 224 588 703 293 666 719 519 745 1077 647 324 150 883 223 871 790 175 971 740 491 812 200 700 898 473
147 540 350 217 199 373 138 415 387 469 446 701 273 431 291 490 313 677 431 464 585 530 235 675 297 305 513 217
556 306 615 728 385 263 655 388 602 675 280 132 308 816 811 215 779 507 159 951 123 866 478 608 878 334 422 687
166 450 447 418 51 260 335 378 302 557 352 499 116 593 499 272 501 636 263 666 373 535 279 673 503 88 322 300
342 892 826 669 489 703 606 819 154 946 795 818 559 901 718 551 770 1080 681 884 677 116 684 1111 554 444 384 286
122 526 505 441 124 337 358 454 226 619 428 542 192 636 517 292 531 713 331 689 407 459 342 749 484 110 287 246
263 479 231 147 241 341 73 338 501 350 394 712 286 322 230 536 222 588 424 389 612 650 148 572 334 366 598 334
119 636 445 268 261 462 204 516 335 563 540 760 344 499 325 526 368 779 505 497 633 439 337 777 247 338 508 122
437 384 48 233 349 320 222 232 668 166 328 716 348 232 292 606 225 435 429 384 648 835 124 397 483 472 717 521
313 281 326 402 132 98 331 202 479 420 182 456 74 511 485 321 457 458 166 630 368 708 164 498 570 214 453 443
188 554 328 174 238 395 96 421 426 447 462 737 306 393 246 532 271 679 461 419 624 555 234 668 268 348 558 238
463 132 327 488 281 67 431 98 621 382 35 422 208 532 565 383 516 316 161 684 380 857 221 373 691 339 557 591
183 414 389 375 10 226 293 329 352 500 314 512 92 540 457 307 453 591 252 621 395 575 222 623 485 136 377 316
678 97 410 637 498 280 600 197 837 400 189 489 424 603 702 554 636 117 333 784 508 1074 387 222 869 550 749 803
254 782 737 605 383 594 534 714 44 856 685 713 450 830 663 444 705 972 569 834 571 220 587 1007 531 332 295 239
573 798 411 238 623 706 320 646 796 458 735 1093 671 247 155 920 189 826 802 70 997 837 488 755 302 743 956 557
164 633 616 523 239 445 444 569 111 732 536 589 301 733 593 322 619 824 422 766 448 362 456 864 515 184 234 233
594 416 715 808 443 362 732 496 596 781 388 73 376 913 892 196 867 614 252 1040 69 859 570 717 937 363 381 719
223 390 421 428 46 201 347 326 357 525 292 457 56 583 511 253 503 579 206 672 339 595 251 622 541 97 343 357
423 506 134 124 390 421 152 353 663 230 443 815 414 160 170 674 103 554 524 270 733 795 204 504 380 517 755 478
349 615 282 27 386 492 84 466 583 382 538 867 439 258 82 684 121 693 579 254 765 674 284 653 228 506 722 364
417 657 296 70 454 547 151 505 649 379 585 928 504 219 12 752 83 716 639 184 830 727 332 664 240 575 793 424
181 744 543 337 357 567 291 625 324 660 647 843 442 572 374 595 435 888 602 536 710 360 445 884 218 413 540 76
386 219 268 399 215 86 340 115 565 347 126 482 161 466 478 390 435 377 195 606 416 788 134 410 599 301 538 510
522 290 583 692 350 230 619 361 576 646 254 167 271 783 775 200 744 496 124 916 129 840 443 592 842 303 408 654
262 422 223 205 197 279 134 285 493 342 335 653 231 352 288 486 269 542 364 440 556 664 98 536 391 324 563 354
224 461 260 195 191 309 115 327 460 380 370 669 240 370 278 487 272 586 384 439 566 622 142 580 355 315 548 311
648 922 536 346 722 823 422 770 855 582 857 1205 778 368 264 1019 312 952 915 178 1104 859 607 879 322 837 1037 608
159 654 624 520 256 466 443 586 94 741 557 616 322 735 587 348 618 844 446 761 474 336 467 881 499 209 253 212
292 767 492 247 429 608 238 630 471 599 676 931 508 471 256 702 332 880 667 402 808 488 440 856 73 514 675 223
664 496 184 376 581 510 410 373 898 86 483 889 572 185 387 821 302 438 622 372 845 1050 353 341 624 701 947 733
481 535 143 156 448 466 203 384 720 209 480 862 469 101 174 729 90 561 572 233 785 845 253 499 405 575 814 529
349 944 781 572 534 757 530 840 310 898 845 960 618 806 598 693 667 1106 767 746 819 157 672 1113 389 541 566 224
364 729 403 147 453 593 181 582 575 499 647 951 520 347 129 746 211 814 670 272 839 618 395 774 112 560 752 333
428 572 200 81 423 479 143 420 667 284 507 870 458 155 104 715 41 621 578 214 782 777 261 567 327 549 781 463
509 875 522 280 612 749 334 726 700 598 798 1110 679 407 218 903 298 942 828 256 998 693 544 888 159 716 897 452
163 496 322 225 168 330 142 372 400 441 402 666 235 422 305 464 314 635 391 474 553 561 195 636 337 283 504 253
188 407 350 336 50 225 255 309 381 462 308 540 110 498 419 345 412 574 268 581 428 591 185 598 460 177 418 316
643 932 549 351 723 829 425 780 846 598 865 1209 780 386 270 1019 323 966 920 197 1105 844 614 895 309 836 1032 598
549 242 169 411 408 270 390 119 756 173 227 633 368 362 468 592 396 257 377 541 598 958 207 233 658 507 746 655
489 109 319 495 309 98 443 78 651 366 31 437 238 525 570 411 518 285 187 683 403 885 229 343 705 370 587 616
729 414 254 496 611 483 511 330 951 141 431 828 579 335 523 806 438 305 589 525 807 1131 389 195 751 718 959 818
475 732 361 148 529 626 226 581 700 431 663 1007 581 243 66 826 134 782 717 137 907 753 411 724 230 647 858 464
331 287 408 478 145 104 403 252 456 496 193 380 59 594 562 240 538 486 101 710 285 701 247 543 627 169 390 465
305 818 787 656 425 631 585 756 75 905 723 726 488 881 713 459 756 1012 600 884 585 209 635 1050 576 364 291 287
303 292 317 387 125 112 315 205 474 413 193 471 77 499 470 330 442 465 181 615 381 700 152 501 554 215 457 431
576 439 94 310 491 430 332 303 809 46 412 816 483 173 338 735 253 418 541 363 764 967 263 342 565 611 857 651
791 358 352 607 647 478 607 327 997 261 405 771 599 470 644 796 560 192 570 660 774 1199 447 68 862 739 969 894
201 537 308 165 234 381 84 402 440 426 446 730 298 377 241 530 259 659 450 412 619 575 215 648 281 348 564 258
83 587 534 437 178 398 357 507 182 651 489 602 254 646 508 346 532 769 396 681 466 397 379 799 446 173 305 186
654 923 537 350 727 826 427 771 862 581 859 1209 782 366 267 1024 314 951 919 176 1108 867 609 877 329 842 1043 615
81 649 565 438 237 460 363 562 159 684 550 667 318 659 501 407 537 826 463 674 529 339 420 850 408 239 341 128
613 658 265 258 597 610 329 512 852 269 615 1006 620 59 221 880 157 646 718 147 933 951 402 562 456 724 961 642
709 507 832 931 565 479 855 605 687 892 495 91 499 1032 1015 298 989 691 371 1162 180 947 691 802 1057 478 451 831
101 493 410 338 92 309 255 396 307 526 394 589 178 532 416 365 427 661 337 586 466 505 255 683 411 178 391 231
406 190 299 436 228 53 376 113 574 371 94 448 162 500 516 371 472 362 165 642 388 804 171 407 633 300 529 534
116 547 377 248 186 375 169 428 356 496 451 689 264 462 320 470 344 692 424 493 569 504 254 695 308 283 485 194
411 943 896 745 548 756 680 878 199 1015 848 838 613 976 794 575 845 1136 725 960 699 137 750 1172 628 489 391 361
670 94 488 690 483 261 641 247 800 497 181 378 401 689 762 477 703 223 274 861 413 1050 426 337 905 509 681 801
510 398 658 735 363 308 656 454 519 732 352 153 301 851 818 119 797 606 197 970 26 783 505 699 855 279 319 635
484 276 118 344 354 253 319 129 698 171 235 638 326 323 405 566 338 325 364 491 587 892 140 304 587 463 706 587
782 325 359 615 632 455 610 306 982 278 378 737 580 491 657 769 574 154 543 682 743 1190 441 30 870 719 946 889
739 266 342 597 584 399 585 255 934 278 321 679 528 495 645 711 566 110 485 685 684 1148 403 41 849 666 890 850
33 596 464 330 197 413 254 491 268 583 498 682 283 550 396 442 428 757 441 569 553 421 330 769 334 256 422 127
558 43 394 580 373 150 528 147 702 425 65 388 293 600 655 416 600 254 193 763 382 945 314 340 790 413 608 688
399 432 94 174 335 346 163 280 634 211 368 741 350 217 236 610 178 494 451 345 663 789 131 457 423 461 704 473
273 621 676 619 280 443 537 586 167 786 532 503 313 815 693 235 711 825 391 866 361 430 509 881 632 173 116 351
322 888 662 429 502 712 404 766 401 774 792 981 588 656 441 726 516 1026 747 579 845 330 582 1016 218 549 645 193
621 50 445 641 435 212 591 200 756 463 130 379 353 649 715 448 657 229 235 817 396 1004 377 333 854 465 648 752
659 78 471 674 473 250 626 230 793 481 167 387 391 673 746 476 687 214 269 845 416 1041 411 326 890 501 678 790
185 741 670 529 333 552 459 662 84 789 643 714 408 756 587 446 630 925 541 758 573 243 525 953 459 306 328 166
118 508 480 420 101 319 337 432 249 594 410 542 175 612 497 299 509 692 320 668 410 476 318 726 474 113 308 248
615 106 490 670 427 212 614 243 732 518 150 315 342 695 747 401 694 290 203 858 339 985 403 396 871 440 605 748
696 491 815 916 550 463 840 588 679 875 479 75 484 1016 999 287 973 676 355 1146 167 940 675 786 1043 465 446 819
262 589 307 100 312 446 49 447 497 419 503 805 373 331 167 608 200 692 522 341 696 602 257 667 225 426 637 287
427 892 584 328 568 741 348 751 583 679 805 1071 646 516 301 840 386 991 804 396 947 544 561 955 79 652 802 338
319 912 771 575 501 724 526 815 256 890 813 912 583 810 609 644 673 1080 728 764 770 126 653 1093 414 498 512 206
579 697 302 218 587 629 298 547 815 331 645 1024 620 116 162 878 124 705 733 75 941 896 413 627 386 712 942 593
573 247 579 713 394 236 644 343 642 631 234 172 311 783 795 270 757 444 151 928 187 904 454 547 879 363 478 707
601 300 164 420 471 343 414 191 816 118 297 702 437 328 466 665 388 265 450 515 670 1008 257 206 673 576 816 700
497 399 651 724 351 303 645 450 505 727 350 167 290 843 807 105 788 608 192 960 35 769 497 700 842 265 308 621
662 204 292 541 504 321 521 175 854 255 245 621 448 467 596 636 521 128 410 654 616 1070 330 121 789 587 812 775
197 585 345 165 267 427 97 451 432 462 494 768 337 393 231 558 265 706 492 405 653 545 262 692 236 373 576 228
180 770 652 483 359 582 422 677 169 772 671 782 441 716 532 517 584 942 587 699 642 229 522 959 383 360 413 99
367 613 727 699 333 451 616 603 259 831 533 428 341 882 776 174 787 823 376 947 290 513 557 891 730 209 39 453
494 715 336 149 534 617 231 563 723 399 649 1003 582 206 67 831 108 756 712 109 908 785 400 694 268 655 872 491
594 382 690 793 436 338 718 467 610 753 358 67 365 890 877 210 849 578 230 1021 86 874 549 682 930 364 404 721
357 845 559 307 505 687 310 707 513 662 754 1006 585 517 298 771 380 955 744 420 880 489 517 926 59 585 731 267
372 655 314 61 423 533 123 506 601 408 579 907 478 264 58 720 125 729 619 230 804 677 325 685 202 540 752 374
548 156 243 466 386 210 432 57 737 258 150 552 331 443 531 532 465 218 309 617 526 954 226 238 702 470 699 664
546 566 171 211 512 516 267 419 786 197 521 911 529 37 208 789 123 569 624 211 840 906 309 494 447 639 879 591
663 498 184 375 581 511 408 374 897 87 484 890 572 183 386 821 300 440 622 370 845 1049 353 343 622 701 947 732
573 140 268 495 409 222 462 78 759 273 152 546 350 465 559 540 492 190 315 642 528 979 255 219 731 488 713 691
378 426 111 172 314 332 152 275 613 229 358 725 329 237 241 589 189 498 434 359 645 770 115 466 416 440 682 455
494 381 636 713 343 286 635 433 511 711 332 167 280 829 797 115 775 590 175 948 48 776 483 681 836 263 320 620
433 423 631 681 299 297 600 450 435 716 359 237 251 816 764 40 751 635 194 922 97 700 470 718 785 202 249 555
