2
5
8
20
230
100000
20000
100
40
300
1 0 
1 0 
1 0 
1 0 
1 0 
1 0 
1 0 
0 1 
13960 41720 21160 12440 12560 8200 32040
15000 22840 6160 14520 17520 27520 14680
15360 35800 8520 10960 17320 24200 26600
9440 23320 4360 9680 11960 21960 13840
3680 24480 11680 8280 4720 14480 14760
25640 39000 36360 29440 23280 17800 33040
19440 46080 27960 19040 17440 8680 36720
26080 29400 35200 30840 24480 24080 25880
21440 21520 29040 26360 20520 23480 17800
19280 36800 10560 15160 21440 28640 28160
14800 39040 12160 9840 16040 20720 29440
20720 35640 31440 24600 18400 13640 28920
7000 34320 11480 3080 7560 12760 24400
9600 34680 9080 4680 11000 17080 24880
9680 36160 19440 10680 7480 3440 26760
12760 37320 23080 14560 10280 760 28320
11920 34600 7640 7280 13720 20480 25040
20560 9400 23120 24720 21240 28760 6240
24240 30880 33880 28880 22440 21080 26320
16680 15160 12400 18400 18800 28800 7400
619 280 492 380 325 93 384 694 299 628 606 488 278 405 335 507 473 714 544 286 327 433 135 106 512 604 438 634
331 392 597 655 514 539 230 253 636 263 509 191 210 761 764 645 463 563 567 646 437 450 514 567 461 279 634 166
434 451 261 616 106 333 463 681 210 474 370 345 231 646 364 720 636 480 303 528 86 193 152 251 276 653 661 549
793 556 491 556 360 289 673 972 205 832 692 698 528 504 67 723 741 802 578 431 421 519 226 181 603 892 642 884
711 199 854 378 713 469 169 411 757 649 847 558 411 515 807 289 85 923 861 441 666 731 592 578 775 237 313 516
309 366 516 623 426 473 237 342 547 266 450 153 126 718 678 639 473 518 494 599 350 372 429 488 392 347 617 233
781 158 865 263 713 406 241 528 730 730 890 624 445 401 755 177 49 975 885 340 677 756 563 529 810 356 194 615
564 539 900 776 819 769 361 60 933 467 784 470 501 908 1046 693 489 814 863 815 744 752 797 832 752 168 719 275
564 633 187 747 120 443 670 886 103 630 408 519 441 742 270 879 825 514 279 638 202 258 237 316 331 864 810 739
90 743 407 983 460 758 629 593 627 186 183 238 438 1054 804 1024 865 164 320 931 391 301 611 707 229 689 993 378
389 412 300 601 165 337 404 612 277 419 364 285 165 646 423 690 590 470 324 524 111 199 192 281 272 588 636 483
841 178 829 88 665 286 354 683 641 810 902 686 474 220 627 163 232 1000 869 161 650 746 482 420 814 523 92 731
239 616 203 825 226 564 556 651 393 317 138 241 314 873 570 900 775 243 154 751 161 68 391 491 51 688 853 463
395 335 631 598 533 506 165 248 641 329 562 250 209 709 757 581 396 622 610 597 461 488 507 549 507 230 573 218
858 667 510 658 407 400 781 1073 240 906 729 777 623 593 69 829 852 837 603 532 479 567 318 290 647 999 747 973
354 501 698 762 635 672 321 152 766 259 572 261 346 877 899 728 531 603 655 767 555 550 650 704 543 264 729 75
419 262 582 523 467 412 130 339 560 373 548 263 136 626 667 529 363 623 575 511 402 447 419 456 481 286 510 301
609 207 778 441 647 463 80 330 711 545 754 457 329 570 783 381 184 825 777 480 592 648 551 554 686 176 391 414
340 618 117 802 137 521 589 727 300 415 195 325 340 834 479 896 791 306 118 716 102 34 329 430 107 744 842 551
702 141 654 224 489 133 307 647 472 687 738 553 331 292 482 333 318 840 696 172 477 576 309 259 647 519 267 643
186 515 336 748 297 524 428 509 454 221 250 106 206 816 617 800 656 328 297 693 215 188 396 484 190 546 763 331
306 373 524 631 436 484 239 331 558 260 454 151 138 727 690 643 475 519 500 608 360 379 441 500 397 340 622 221
765 97 790 177 630 291 265 594 629 729 843 609 404 306 640 193 169 936 821 226 605 694 464 419 757 437 154 643
613 67 691 329 544 310 118 459 582 573 711 456 266 445 637 333 199 798 707 341 502 578 417 407 631 326 310 487
813 695 441 714 358 437 791 1066 194 869 668 745 611 660 91 879 885 773 536 589 436 514 314 313 590 1006 799 951
624 44 677 304 525 273 153 494 554 589 709 468 266 414 603 327 217 800 698 307 488 569 388 373 627 364 295 513
957 326 877 81 709 299 509 844 646 939 986 807 586 58 587 253 391 1090 931 101 713 817 508 422 893 687 174 878
675 262 551 324 383 33 393 717 342 679 668 539 323 343 349 461 449 775 605 225 389 495 186 124 574 613 388 673
710 647 341 704 254 409 724 982 96 768 564 647 526 671 126 858 840 670 435 584 334 409 245 276 486 934 782 857
401 588 780 846 727 771 404 129 863 300 633 340 446 965 999 797 595 649 729 859 647 632 750 805 616 296 806 116
553 147 563 363 410 215 207 525 445 534 610 401 182 445 511 427 332 706 588 325 376 461 281 284 524 427 380 496
178 521 515 779 474 615 377 343 623 112 380 76 259 872 775 789 613 419 466 752 392 368 536 611 353 421 770 149
274 761 208 967 318 697 696 754 474 373 34 346 458 1009 652 1045 918 128 112 889 280 172 511 612 94 813 998 550
438 244 592 506 473 401 114 345 561 392 564 281 144 610 664 510 346 640 587 496 410 459 417 450 495 282 491 316
524 610 166 736 79 434 637 847 120 589 376 478 405 738 296 862 799 484 253 631 161 220 225 312 296 828 796 698
412 567 781 824 724 755 382 106 856 312 641 342 435 944 989 773 571 661 733 839 643 634 740 792 620 271 783 122
677 537 988 749 894 789 378 176 993 581 889 571 566 886 1091 641 445 926 959 805 822 843 847 868 850 157 679 390
525 285 743 535 629 514 103 239 715 454 691 381 299 660 808 484 286 753 731 561 564 605 565 586 632 127 491 313
745 515 458 536 318 254 626 922 174 782 651 647 476 495 95 697 703 762 542 412 375 476 174 135 561 845 618 832
194 539 299 765 270 529 461 547 432 244 217 141 230 827 599 824 686 303 259 704 190 151 387 480 153 584 784 366
618 449 906 672 806 698 286 150 902 528 820 500 477 807 998 578 376 864 881 721 736 762 754 775 775 66 609 343
615 580 957 809 876 817 406 114 989 516 838 526 557 943 1099 715 514 865 919 854 800 809 851 883 807 199 747 324
222 454 488 710 426 542 322 356 566 179 387 70 186 801 713 727 559 443 451 680 345 340 470 541 341 401 705 193
725 649 359 699 270 406 729 991 109 782 581 660 536 662 111 855 841 688 452 578 349 425 250 274 503 941 778 869
871 437 661 356 503 189 597 929 389 886 825 746 537 285 287 534 596 937 735 231 539 647 306 206 732 813 451 890
1074 415 1020 159 853 444 586 901 792 1046 1120 920 704 160 729 221 413 1222 1071 246 853 955 653 568 1029 731 181 965
453 393 320 559 163 282 413 651 235 481 416 346 195 594 367 661 579 525 359 474 140 244 129 218 323 611 602 536
828 218 925 286 773 461 283 542 789 773 945 672 500 425 810 160 48 1028 943 378 736 814 623 586 867 364 201 648
539 290 437 438 273 171 354 641 289 549 532 410 206 477 367 546 482 639 480 356 261 363 126 156 439 569 484 565
495 478 258 615 91 319 511 744 143 540 408 412 291 631 298 734 667 519 319 517 124 229 115 215 315 709 669 617
134 554 488 809 460 632 417 383 614 81 341 64 277 898 772 826 653 375 433 777 378 343 539 618 319 465 804 180
942 812 551 801 487 547 919 1201 328 1001 783 879 746 728 203 974 998 885 647 675 567 638 446 432 712 1136 892 1086
300 393 381 624 284 409 326 484 411 305 360 166 85 694 555 678 544 448 372 571 209 244 313 389 283 479 639 349
223 445 437 693 372 506 333 406 512 205 354 68 153 777 661 724 567 421 405 655 291 290 421 496 299 437 696 248
730 420 977 604 860 686 299 282 936 645 916 599 532 743 1011 483 294 970 963 673 798 838 778 782 862 130 528 467
332 724 118 914 238 634 681 780 387 424 116 368 434 947 564 1005 892 217 28 829 215 117 438 539 86 819 953 586
565 523 894 760 810 754 345 62 922 468 782 467 491 891 1033 676 472 814 858 798 735 747 785 818 748 151 702 276
659 181 807 394 669 448 117 381 720 599 795 506 361 527 779 325 128 871 811 443 619 682 557 549 724 216 338 471
580 324 816 557 702 570 159 218 786 503 757 443 372 688 875 482 279 815 801 598 637 676 634 650 701 61 502 343
122 791 478 1037 534 823 665 589 702 188 249 279 492 1113 878 1069 901 202 390 990 465 376 682 777 302 703 1042 374
817 203 754 118 587 187 387 728 545 799 850 666 446 182 520 267 324 953 802 72 583 684 393 321 758 583 188 745
288 386 420 628 329 432 299 439 456 279 379 141 82 706 596 670 525 460 405 584 253 279 352 423 309 439 636 307
674 167 611 264 446 103 314 649 429 663 700 527 305 320 446 377 352 803 655 197 436 535 265 219 609 532 311 631
920 361 782 198 617 217 542 883 531 916 916 779 557 117 454 380 480 1025 845 90 634 741 411 315 822 743 297 884
498 501 240 636 74 338 533 762 130 547 399 421 310 649 293 756 690 511 305 536 122 222 131 229 308 730 691 630
340 605 732 867 690 768 425 191 833 238 575 294 429 981 976 830 632 587 677 870 609 586 730 791 563 347 834 72
291 755 184 957 299 684 696 764 453 388 55 354 455 997 630 1038 915 150 89 877 265 158 494 596 88 818 990 562
889 588 591 541 460 318 724 1038 305 923 793 787 605 465 142 717 762 903 679 415 520 619 312 244 704 945 634 964
720 375 520 397 358 109 503 818 269 738 674 599 398 377 240 553 560 785 589 278 387 495 155 54 580 723 475 756
142 602 543 861 526 696 453 363 681 44 376 132 340 955 841 867 687 392 481 835 444 401 607 686 369 470 851 148
766 600 433 623 318 342 701 985 152 813 645 684 532 576 26 785 789 754 524 499 388 478 229 218 560 918 706 881
67 656 496 910 502 722 519 445 665 38 307 150 373 996 832 928 755 312 425 875 423 362 611 697 315 551 907 230
436 283 638 545 528 464 114 279 624 376 587 285 198 657 730 530 349 654 624 547 461 499 482 516 526 225 521 271
255 581 206 788 201 527 527 639 368 324 174 233 283 836 543 865 743 280 173 715 130 59 357 456 85 667 818 458
491 265 694 523 579 477 81 265 666 427 647 342 249 643 763 490 300 713 683 538 514 556 518 543 585 176 489 302
893 292 796 118 629 219 476 816 565 880 911 745 523 101 511 298 397 1016 852 22 635 740 427 340 818 670 215 832
695 148 815 341 671 418 150 434 710 640 819 540 378 476 757 274 86 899 826 396 627 696 544 528 744 268 285 519
779 529 490 532 352 263 647 948 204 815 684 680 506 484 90 698 714 795 574 408 410 510 206 155 595 866 618 862
483 187 588 445 455 338 113 404 525 446 586 326 143 546 615 464 317 669 593 431 400 463 372 395 510 320 438 381
839 385 654 314 492 142 545 880 392 849 806 709 496 259 313 489 544 917 723 188 520 628 289 188 712 762 406 846
705 395 492 427 331 134 514 823 239 728 651 589 394 407 216 581 582 762 563 309 364 472 132 34 557 734 504 753
282 582 670 845 631 728 409 230 775 181 515 233 381 954 922 822 628 530 614 840 548 524 677 743 501 365 819 29
720 59 734 204 575 246 244 582 576 688 790 564 355 318 595 248 205 885 766 220 550 640 410 370 704 436 201 613
569 108 606 348 456 246 167 497 493 542 642 414 203 442 555 393 286 734 628 326 418 499 328 326 558 388 353 486
722 147 672 205 506 138 319 660 484 706 758 572 351 273 487 319 315 859 715 153 496 595 323 268 667 529 251 660
620 387 417 471 252 167 477 768 194 646 566 508 324 472 240 609 580 677 482 363 279 387 47 54 472 694 537 682
1038 370 1024 154 858 458 527 828 816 1002 1104 882 674 225 772 132 332 1202 1067 274 848 946 665 590 1015 653 119 907
969 357 866 128 699 290 542 879 625 956 986 822 600 24 554 303 436 1092 924 98 708 814 495 404 893 726 224 904
687 547 375 601 244 305 635 910 89 733 575 604 456 573 104 754 740 686 461 482 311 405 156 172 488 849 678 801
249 421 474 675 401 503 299 371 535 216 392 92 147 763 678 697 535 457 444 643 321 327 434 503 338 398 672 225
159 549 520 807 488 641 404 352 639 85 373 88 285 900 794 816 640 405 466 780 405 374 558 634 352 439 798 147
617 78 634 299 478 217 198 536 498 591 682 463 249 393 544 354 269 777 661 278 447 534 332 314 596 415 309 534
574 448 335 552 172 249 513 778 126 611 495 478 323 555 233 685 641 607 404 446 211 317 42 132 403 723 615 670
457 334 376 513 223 255 354 606 286 473 451 334 152 560 402 606 519 556 408 438 191 286 152 221 359 556 551 506
697 233 590 283 423 37 378 709 383 695 701 557 337 309 384 420 415 807 642 189 425 529 228 163 607 597 347 678
768 111 821 213 664 342 246 560 672 725 861 611 417 348 691 178 115 950 847 277 634 719 506 467 778 397 164 626
772 315 955 465 821 585 258 394 872 699 929 626 507 604 924 337 155 997 955 543 768 826 708 695 864 215 384 543
84 641 506 896 506 713 500 424 667 17 323 140 362 984 832 911 736 332 438 863 426 370 608 692 327 530 891 209
621 567 956 794 873 806 394 117 983 523 841 528 552 928 1092 698 498 871 920 840 798 809 844 875 809 184 731 331
925 292 1003 269 846 504 381 632 848 871 1035 769 590 401 851 97 146 1121 1027 383 816 898 684 635 955 453 171 745
405 523 757 781 692 712 339 99 820 308 628 320 396 901 950 733 532 655 713 795 613 609 701 751 601 241 741 116
769 554 463 568 332 292 665 959 177 810 664 676 511 521 56 732 742 775 550 444 395 492 207 175 576 883 652 865
879 235 830 41 664 263 418 752 621 856 922 726 508 147 587 206 307 1024 877 96 658 759 470 395 831 596 123 788
563 194 523 369 364 164 272 584 384 556 594 419 197 431 445 457 385 695 558 308 340 434 218 219 504 491 402 538
104 574 383 816 371 604 465 486 532 144 240 80 270 891 699 855 699 292 325 768 290 240 480 568 212 550 824 287
807 139 820 138 658 299 308 633 647 772 880 651 444 271 646 161 186 975 854 203 637 728 484 431 794 473 112 686
464 529 812 781 741 735 344 40 864 367 687 377 436 906 988 719 516 714 770 804 663 664 738 783 658 207 734 175
321 407 599 670 520 553 244 248 644 251 505 186 221 776 775 660 476 556 567 662 443 452 525 580 459 283 650 151
499 342 751 593 647 563 158 182 744 420 679 363 317 718 846 540 340 735 730 618 578 608 600 628 627 110 549 265
667 715 258 800 230 499 768 995 143 736 492 628 547 777 240 946 909 592 354 683 311 359 308 365 425 967 872 848
585 663 191 772 148 468 701 916 118 653 419 545 472 762 271 907 855 522 285 661 229 277 264 339 347 894 837 766
731 597 1053 800 960 853 443 227 1060 634 948 632 633 938 1157 682 492 981 1021 862 888 907 914 934 912 223 726 442
445 322 388 511 239 263 333 582 309 457 451 317 129 563 425 598 504 554 415 440 201 291 175 240 360 533 545 484
565 556 907 793 829 785 377 63 944 467 787 475 513 924 1059 709 506 815 869 831 753 759 810 846 757 185 736 275
711 299 906 482 777 569 209 339 837 637 872 566 457 620 900 374 176 938 903 549 721 775 675 670 809 158 410 481
513 199 512 408 361 222 233 531 405 501 560 365 143 481 485 478 381 657 536 358 324 409 246 265 473 449 430 480
168 517 491 773 450 600 380 365 599 117 360 51 245 863 753 788 616 403 442 742 368 344 516 592 329 436 767 174
364 648 82 825 141 540 623 761 296 443 196 358 374 854 475 924 823 305 93 737 126 65 342 443 118 780 868 583
390 391 323 584 188 328 381 593 294 414 379 278 143 633 434 670 567 483 344 511 134 218 196 281 287 566 618 470
726 110 811 277 660 373 191 497 684 678 833 570 388 411 718 225 83 919 830 334 623 700 517 490 754 333 224 569
271 461 582 723 519 592 301 262 653 194 468 150 246 826 793 717 533 512 542 710 438 434 546 608 431 328 705 112
1101 441 1044 185 877 467 611 925 814 1073 1146 947 731 175 746 240 435 1248 1096 269 878 980 676 590 1054 754 205 991
811 704 435 725 356 447 798 1071 194 868 663 746 615 673 103 890 894 767 530 601 435 510 319 322 586 1012 810 953
258 722 195 928 288 660 658 725 448 353 43 315 419 972 627 1006 879 154 106 852 245 136 477 578 56 779 959 525
623 655 237 749 175 446 705 935 88 688 464 575 485 733 226 890 848 568 332 635 257 317 250 314 389 905 818 793
630 476 928 697 830 725 313 148 927 538 836 517 501 832 1025 599 399 877 901 747 759 783 781 802 793 94 632 351
894 295 796 121 629 219 480 820 564 882 912 747 525 99 509 301 400 1017 852 23 636 741 427 339 819 673 218 835
466 231 487 453 344 265 229 504 408 454 520 318 96 528 504 515 403 615 505 405 298 376 257 292 435 436 471 439
596 488 323 582 169 278 555 818 86 638 501 508 362 576 200 719 681 612 399 471 223 325 80 150 410 765 648 705
860 275 977 335 827 522 316 540 848 800 988 707 545 473 871 185 86 1068 992 434 788 862 681 647 912 359 244 664
112 576 483 830 463 649 440 399 620 62 327 77 296 918 781 848 676 357 424 797 381 340 550 632 311 486 826 191
495 421 308 563 142 272 458 705 182 530 435 396 249 586 314 678 611 546 361 470 149 258 86 185 341 661 615 590
542 187 524 382 368 193 247 555 400 531 583 395 173 451 469 460 375 681 553 329 338 428 237 245 494 466 409 509
885 222 866 53 700 311 396 721 669 854 944 730 517 193 644 145 256 1042 907 159 689 785 513 445 855 558 63 773
556 159 551 363 396 199 226 543 426 541 605 406 185 439 491 434 347 702 579 317 365 453 262 264 518 447 385 509
850 639 514 627 403 371 755 1052 237 895 729 764 604 562 59 798 823 838 606 501 472 563 299 264 645 975 716 956
793 373 604 339 442 111 523 853 347 806 757 666 456 300 283 507 544 867 673 215 470 578 239 138 662 742 426 809
521 166 550 395 402 245 191 498 449 500 585 368 151 479 526 449 341 679 570 358 361 441 289 303 501 408 407 463
562 506 280 615 127 312 559 808 78 609 459 481 352 615 229 747 699 570 356 508 186 284 104 189 369 764 678 685
948 361 825 165 659 254 545 885 578 939 953 803 581 68 503 345 461 1061 886 86 673 780 454 360 860 739 263 898
239 436 400 678 328 475 342 446 468 238 336 98 132 754 617 719 571 413 374 632 247 254 379 457 273 466 686 292
729 61 758 206 600 276 235 569 605 694 808 573 368 329 625 227 175 901 787 238 573 660 439 400 723 418 190 611
328 473 256 672 159 411 442 610 306 370 292 245 193 719 468 754 643 397 263 597 80 134 254 349 200 608 704 459
585 435 873 666 774 677 265 130 873 495 785 466 446 798 972 580 376 830 847 709 704 728 727 751 741 56 606 313
972 397 834 200 669 271 581 921 580 967 970 830 608 83 493 378 499 1078 898 121 687 795 464 367 876 776 297 930
886 247 958 242 801 461 345 612 804 835 992 729 547 378 809 92 117 1079 982 349 771 854 639 592 911 434 148 715
817 449 585 413 431 181 592 915 310 839 757 700 500 357 214 585 623 868 661 287 472 579 241 146 664 813 502 858
632 492 936 713 840 740 328 142 939 539 840 522 512 848 1038 615 415 880 907 764 768 790 794 816 799 109 648 350
596 567 266 663 143 359 623 867 24 651 469 528 413 653 202 802 760 579 352 552 218 303 161 229 384 827 730 738
452 575 819 828 758 773 390 79 887 351 681 380 463 952 1017 769 565 701 772 849 678 671 767 816 659 256 783 162
778 311 957 456 821 581 260 404 870 706 934 631 509 596 921 327 147 1002 958 536 770 829 706 691 867 224 375 551
334 350 547 610 454 475 210 316 570 285 483 180 142 709 696 617 447 549 526 592 380 404 446 499 425 314 598 227
748 299 601 296 434 43 450 781 366 754 733 614 398 287 336 453 474 841 662 180 450 557 230 141 639 668 374 746
825 646 480 649 375 382 755 1044 208 874 698 745 593 591 39 817 833 806 573 523 447 535 289 267 615 973 736 942
803 262 944 377 800 525 264 470 834 739 941 652 504 516 871 246 75 1017 954 463 755 824 668 643 869 290 293 598
845 438 627 377 471 178 590 919 354 863 794 723 517 314 256 553 604 906 702 251 508 616 276 176 701 809 470 873
309 656 127 848 191 572 614 727 352 392 141 318 367 885 530 937 824 252 84 766 152 49 382 483 59 758 885 541
438 299 656 561 549 487 123 255 647 373 598 290 219 675 754 538 352 662 640 567 480 515 506 541 540 205 533 257
967 406 818 222 654 261 589 930 560 964 958 826 605 110 469 402 516 1067 884 131 674 782 449 350 864 787 320 932
687 495 407 544 262 248 591 877 130 725 594 592 427 519 127 697 686 705 488 425 317 419 123 116 504 808 621 780
778 582 458 595 335 320 689 980 173 821 665 690 530 546 29 760 769 775 547 471 402 495 226 201 579 908 680 882
558 447 857 684 763 683 272 100 866 467 763 444 436 815 970 604 400 805 828 723 690 711 724 752 720 80 628 283
515 654 123 787 105 485 673 867 164 587 347 485 434 790 334 911 843 451 215 682 175 208 276 364 274 857 845 708
463 666 65 816 111 518 667 839 220 539 286 445 422 828 394 931 850 390 155 716 156 158 310 404 217 841 869 671
900 611 592 565 466 341 746 1059 308 937 798 801 623 487 137 741 787 908 681 439 528 626 327 263 710 967 658 981
734 374 959 551 836 642 269 314 904 654 910 597 510 690 972 431 242 969 950 622 777 823 744 742 852 144 475 484
743 734 340 791 296 497 804 1049 167 809 573 696 596 754 191 946 927 674 436 670 379 436 329 364 505 1010 870 913
876 332 739 206 573 172 510 851 492 873 871 735 514 153 425 385 465 979 801 82 589 696 368 273 777 716 301 844
621 668 229 763 178 460 715 941 102 688 458 577 493 747 238 904 860 561 324 649 260 314 263 328 385 913 832 796
965 347 868 115 701 291 532 868 630 950 985 817 595 30 563 289 423 1091 925 96 709 814 498 408 892 714 210 896
953 310 887 53 720 311 492 823 663 931 989 801 582 88 611 221 362 1092 938 116 720 823 521 438 897 663 142 864
620 164 764 400 627 423 75 371 683 562 752 466 317 528 748 350 162 829 768 437 576 638 521 518 681 219 354 442
50 649 386 890 405 672 537 528 571 139 201 147 344 963 743 930 772 230 314 840 329 257 536 629 205 609 899 318
564 130 580 352 427 220 197 521 460 543 625 411 194 437 523 411 315 720 605 318 393 477 296 295 539 417 366 498
343 739 117 927 246 645 696 794 392 436 121 382 449 958 568 1019 907 217 21 841 227 131 448 548 100 834 966 600
386 375 652 637 562 550 199 210 676 311 568 250 245 750 796 613 423 621 625 640 488 507 546 591 519 220 609 181
296 663 139 858 206 584 617 722 368 381 125 311 370 897 546 945 829 237 84 777 165 58 396 497 44 756 894 533
318 350 482 601 384 434 243 386 502 290 435 162 82 690 632 629 474 510 466 569 311 341 384 444 369 378 601 277
261 409 429 654 348 463 309 421 481 248 369 110 111 735 625 691 539 445 406 613 270 284 382 455 306 434 660 279
517 549 211 676 65 374 582 806 103 573 396 453 357 682 279 801 739 506 287 572 140 225 165 257 308 777 734 667
889 247 958 235 800 458 349 619 801 839 994 733 549 371 805 84 123 1081 983 343 771 855 637 589 912 442 140 720
460 581 146 728 25 432 592 787 168 524 325 413 353 743 347 844 767 435 216 630 97 159 225 322 239 775 781 634
842 174 863 137 701 340 329 644 690 803 920 685 482 276 686 117 172 1014 896 227 680 771 527 473 835 478 80 709
213 490 531 749 479 594 342 318 622 147 408 93 240 845 770 755 578 452 487 726 398 383 527 597 375 387 738 139
843 250 954 318 803 498 298 534 824 784 967 688 524 457 847 178 64 1048 970 414 765 840 657 623 891 355 230 652
513 238 473 424 317 200 284 573 355 511 538 373 155 483 437 510 426 639 504 360 287 379 196 222 448 498 456 508
703 527 1004 731 905 784 376 207 999 609 911 593 575 869 1092 617 424 951 977 792 835 859 850 867 870 157 659 419
126 712 329 943 386 703 615 621 553 226 115 232 403 1005 730 996 847 140 245 882 320 226 546 643 151 700 959 411
195 820 373 1050 464 806 719 699 627 292 138 331 511 1110 806 1104 953 64 278 987 408 304 639 738 220 792 1067 484
321 597 712 859 671 755 419 202 814 220 556 275 413 971 958 826 629 569 657 859 589 566 712 775 544 351 828 54
945 279 927 68 761 366 447 763 724 913 1007 790 579 187 690 119 280 1105 969 194 751 848 571 499 918 595 46 826
752 585 425 613 305 329 685 969 141 798 634 668 516 570 40 774 775 743 514 489 374 466 213 203 548 901 695 864
918 281 853 46 685 278 465 799 632 898 954 767 547 101 585 227 349 1057 903 87 685 787 487 406 862 642 145 834
180 575 566 835 537 682 420 324 688 85 408 137 326 933 843 835 652 430 508 814 454 421 605 679 395 430 822 111
205 539 286 763 257 522 466 559 419 257 213 154 231 823 587 824 689 303 248 700 177 138 377 471 145 593 783 379
680 166 814 368 673 435 135 408 718 621 810 526 372 502 771 299 104 888 822 421 626 692 553 541 737 241 312 496
986 318 994 148 829 442 466 761 800 946 1062 829 626 256 770 65 265 1157 1032 274 814 908 644 575 975 586 72 845
610 582 269 674 155 371 640 885 17 666 477 544 431 661 193 815 776 586 357 561 232 314 175 239 394 845 743 755
767 299 622 279 456 58 455 789 386 770 754 631 414 266 349 439 468 862 683 161 471 578 251 161 659 672 359 759
389 484 723 743 653 668 301 121 779 296 604 290 353 861 907 702 503 638 683 754 574 575 657 707 572 228 707 112
267 469 303 688 230 448 410 546 378 300 281 173 165 747 537 753 625 376 289 624 148 161 314 403 201 557 710 388
133 605 536 864 520 695 457 372 676 36 367 129 340 956 836 871 692 383 473 836 438 394 604 683 360 477 854 157
476 714 43 864 160 565 712 873 255 558 278 473 466 874 423 980 898 376 138 763 200 181 356 449 223 882 917 699
289 793 224 998 344 728 726 777 497 389 52 371 489 1040 674 1077 949 110 128 920 310 202 540 641 126 840 1030 570
447 406 737 661 648 610 221 132 759 362 644 325 327 783 874 613 413 690 708 679 574 591 624 663 600 151 621 195
896 791 502 795 442 529 890 1165 285 956 735 836 709 730 180 964 979 836 598 669 522 591 413 409 664 1106 883 1045
403 598 112 764 72 474 590 759 232 472 261 370 343 788 410 869 779 372 161 672 78 97 273 374 176 761 811 594
113 781 457 1026 514 807 658 594 681 189 228 270 480 1099 858 1060 895 185 368 976 445 355 664 759 281 703 1032 379
414 285 443 508 308 303 259 499 393 408 465 270 53 579 507 569 451 560 455 456 255 325 257 309 381 451 526 411
746 78 780 200 622 295 243 572 626 709 828 590 388 327 644 207 158 920 809 244 595 682 460 420 743 416 174 621
432 650 63 809 104 514 644 809 236 508 261 414 398 826 413 919 832 367 137 712 132 126 308 406 187 815 858 639
591 559 930 792 849 793 383 88 961 493 812 499 530 925 1073 703 500 841 892 834 773 782 825 858 781 182 732 301
618 641 240 735 167 431 692 924 74 681 464 567 473 719 219 875 834 569 334 621 249 313 235 299 387 892 803 784
477 374 343 533 182 255 405 656 235 502 444 365 200 567 355 638 562 552 386 447 167 271 110 194 350 608 578 549
880 232 941 217 783 438 342 621 782 831 980 723 536 354 785 79 124 1068 967 323 754 839 618 569 898 445 125 716
143 681 575 940 577 772 528 401 738 64 382 202 417 1034 902 943 761 375 503 914 497 440 675 757 394 528 929 190
530 190 520 392 366 206 239 544 403 519 574 383 161 463 477 466 376 672 547 341 333 421 242 254 486 457 416 497
737 641 1074 847 987 894 483 235 1092 638 960 646 662 985 1193 730 540 987 1039 907 913 927 948 972 928 262 774 446
97 725 373 962 426 731 618 601 593 198 154 228 417 1029 770 1008 853 153 288 906 358 267 580 676 194 689 974 387
646 121 619 274 457 154 262 598 458 629 690 496 275 350 489 362 312 789 655 229 437 532 292 260 601 479 304 586
521 290 430 449 268 188 343 625 295 531 519 391 187 492 381 551 480 624 470 370 251 351 136 174 426 556 491 546
856 228 939 259 784 457 313 579 793 804 967 700 522 398 806 123 83 1052 961 359 751 832 627 585 887 401 170 682
852 612 531 593 411 343 735 1037 248 893 740 760 592 527 73 765 794 850 621 467 477 571 289 244 654 955 683 948
799 160 766 117 600 218 345 683 573 775 847 646 429 217 561 231 271 947 808 123 589 687 414 352 758 534 158 710
882 214 896 118 733 361 369 679 715 844 959 726 522 257 702 88 197 1053 932 226 715 807 554 495 872 511 40 749
30 698 448 945 477 737 572 519 643 112 242 186 401 1024 816 975 809 238 370 901 401 326 607 699 266 620 949 304
943 328 848 107 680 270 513 850 612 928 963 794 573 51 549 286 411 1068 904 74 687 792 477 389 870 698 205 875
713 263 587 293 419 10 409 739 368 716 707 576 359 305 357 439 443 815 643 188 427 534 219 144 613 628 363 704
443 417 739 673 652 620 232 124 765 357 643 324 333 794 881 624 424 687 709 690 578 593 632 671 600 157 632 186
544 135 581 371 433 248 172 493 475 520 616 390 177 462 545 419 309 708 602 343 393 473 313 318 532 392 379 471
