2
5
8
20
230
100000
20000
100
40
300
0 1 
0 1 
1 0 
1 0 
0 1 
1 0 
1 0 
0 1 
23960 40160 22240 14800 36120 9080 35120
26480 35040 16960 5520 27120 3480 24760
15840 17000 2280 22520 18360 16400 24400
36040 32800 19800 12360 17520 17640 10320
30880 41560 23440 7000 33200 8800 29440
9880 16120 14160 33280 27320 25640 35440
20320 15000 4160 22840 13720 18440 20560
36560 26840 19000 20480 9280 23280 3480
25560 37200 18920 8480 30720 4040 28800
31520 16720 14880 26320 2480 25600 12600
23640 29320 11440 9120 21960 5200 21320
45560 35680 28120 23880 17280 29400 6320
14960 11400 9960 30360 20920 23960 29440
34080 44280 26240 7840 34920 11880 30200
24560 21040 7120 16960 12640 14760 15560
20800 9120 9160 28760 14600 24040 23800
29000 17360 11880 23320 5400 22200 12760
35400 38720 22440 4400 26080 13080 19840
22920 33640 15360 9320 27840 720 26920
3400 22480 15760 31960 31480 23440 38240
553 245 817 676 1026 669 483 902 395 196 634 338 172 902 641 554 250 716 299 613 830 162 491 789 643 105 289 865
398 87 860 788 798 598 657 613 619 357 506 46 466 803 453 221 457 416 299 329 682 488 282 584 360 239 423 828
323 646 213 255 620 135 347 707 445 462 250 700 584 297 367 734 451 646 385 950 333 665 433 432 572 679 376 210
192 562 631 690 299 308 704 267 753 597 194 550 761 380 98 442 660 241 453 678 220 826 241 76 203 683 572 488
445 753 92 186 700 244 350 815 463 540 368 813 641 330 485 856 509 766 486 1069 414 721 555 535 693 771 448 189
214 355 749 746 512 432 691 341 703 483 309 323 639 583 210 218 570 162 350 453 437 688 117 311 82 494 496 654
431 507 958 975 522 633 925 249 934 702 506 436 849 734 391 218 795 112 578 397 573 888 351 415 179 659 726 837
406 387 941 932 612 624 856 361 852 607 500 310 745 762 394 91 703 176 495 298 607 778 300 461 186 539 643 844
523 738 191 22 852 368 212 935 330 479 474 813 541 498 585 899 420 855 472 1092 564 617 611 664 775 722 385 358
519 788 92 108 795 333 307 905 424 548 451 855 626 422 568 918 500 846 519 1124 509 704 621 627 771 788 453 272
653 991 155 337 781 433 545 961 664 776 558 1048 865 383 671 1073 736 950 725 1295 527 943 772 678 887 1010 683 232
172 572 578 642 307 257 666 315 721 580 149 569 744 331 81 479 636 291 438 716 175 811 248 67 246 685 548 435
13 421 548 557 477 233 535 428 573 411 119 435 575 414 90 408 473 319 268 637 295 641 113 237 239 521 386 461
508 163 827 702 972 648 522 833 447 211 597 255 241 877 591 472 290 644 274 533 793 243 432 738 574 33 305 855
264 602 270 304 581 88 368 653 456 438 194 651 572 290 309 677 440 588 347 896 298 652 376 382 514 645 360 236
453 124 792 678 916 599 509 778 446 192 544 222 262 827 535 429 283 590 227 511 739 279 375 681 519 72 282 811
586 509 600 418 1050 589 205 1015 89 229 617 607 155 805 680 783 131 863 351 902 793 214 593 816 779 417 208 714
223 231 620 553 696 379 446 598 439 213 313 285 373 601 310 378 299 434 82 557 508 431 172 458 351 302 230 602
373 82 829 757 784 570 627 608 592 331 480 76 446 777 431 236 431 413 269 358 658 472 260 565 352 232 394 799
561 634 409 216 976 486 37 999 118 343 554 723 350 672 645 859 255 879 402 1018 697 419 611 759 794 578 265 554
280 250 799 769 626 500 682 439 675 432 387 210 575 676 306 149 527 244 318 368 538 615 156 422 183 397 466 729
392 819 459 603 299 270 712 506 802 747 292 831 898 100 338 758 771 557 622 995 105 975 504 252 523 908 685 261
532 379 666 506 1010 585 301 939 206 128 585 477 46 814 627 665 87 773 272 770 775 126 512 771 691 280 168 748
576 446 1109 1086 763 796 991 489 970 713 673 350 830 937 569 167 813 334 623 168 782 848 462 633 360 587 765 1018
391 729 769 859 149 469 895 154 949 794 377 699 958 449 296 541 858 287 649 760 300 1021 424 173 308 862 771 594
358 599 837 889 327 513 882 92 915 720 394 552 880 567 282 371 799 115 579 583 405 934 336 246 167 742 718 690
521 652 327 139 914 420 73 955 191 372 500 736 409 595 600 852 297 848 401 1025 631 483 586 704 765 614 283 473
647 386 1159 1106 911 867 981 650 940 677 753 290 766 1037 664 236 777 475 621 7 890 768 523 754 477 501 747 1096
425 179 920 863 776 638 742 563 710 449 534 89 561 827 461 136 550 365 378 247 694 581 301 578 325 326 510 869
47 461 488 506 475 173 500 463 549 414 68 485 576 364 108 468 464 371 276 695 261 646 170 238 295 549 375 402
371 125 849 787 759 577 665 572 634 374 479 77 493 776 420 188 475 374 301 324 650 519 251 548 319 277 433 808
338 665 196 250 623 144 354 717 454 478 263 719 598 290 380 751 465 660 403 968 336 679 450 440 587 697 392 195
417 166 908 850 775 629 728 567 696 435 525 79 547 820 456 146 536 368 365 260 688 568 293 575 326 314 496 860
73 409 606 617 461 287 588 380 620 440 165 410 604 449 86 358 510 260 296 590 316 666 85 227 180 523 426 510
725 532 787 602 1201 761 390 1132 272 321 773 628 160 984 820 835 262 962 465 907 959 132 705 963 882 399 352 900
597 393 738 572 1077 660 363 994 257 189 656 491 29 889 692 693 163 821 333 776 847 51 568 837 741 270 243 823
607 927 84 261 783 393 469 942 587 704 519 987 789 384 634 1024 662 916 660 1241 514 868 723 657 849 941 610 224
172 478 678 711 380 351 696 269 731 548 226 458 711 463 109 347 621 172 404 583 309 770 169 172 113 606 537 555
281 510 333 274 689 210 255 713 326 307 263 574 433 430 358 645 301 610 242 844 418 513 358 468 528 529 222 364
429 42 822 724 873 599 569 716 516 255 529 140 344 820 502 348 352 523 246 433 719 361 334 645 457 118 336 821
425 758 112 237 653 214 393 778 504 561 340 813 671 280 456 842 538 738 495 1061 368 752 541 495 669 787 472 140
495 103 857 745 946 654 574 790 507 258 592 189 309 880 572 411 346 596 287 464 784 312 406 716 531 48 348 870
224 479 368 328 644 182 307 657 368 307 213 537 448 412 302 594 319 553 217 798 381 526 303 418 472 513 234 368
150 277 624 587 607 344 510 504 518 306 254 301 468 550 225 331 387 345 167 538 439 525 77 372 261 378 311 575
489 650 285 111 869 375 112 918 229 381 461 731 436 546 563 835 316 818 391 1017 585 512 560 662 736 624 288 424
472 880 303 478 484 273 631 685 737 745 363 912 878 92 452 880 745 710 645 1114 253 958 596 413 662 943 667 104
547 898 851 969 100 585 1030 262 1094 954 514 865 1118 499 452 697 1013 440 810 906 384 1183 591 312 473 1030 925 659
555 662 361 166 954 461 61 991 168 376 538 749 397 636 636 874 294 880 419 1042 671 468 615 742 796 616 292 512
452 804 119 283 632 233 449 778 561 616 358 855 728 245 472 872 595 753 544 1095 355 808 571 494 688 838 527 90
257 531 316 287 645 162 297 681 373 347 224 589 479 382 326 642 347 589 267 849 371 559 347 428 509 561 266 324
526 99 924 820 954 703 655 776 590 338 628 141 390 922 594 366 428 578 349 389 815 386 423 732 522 120 426 925
380 673 171 189 684 201 303 772 409 463 314 734 571 345 430 783 438 707 406 993 396 651 484 498 632 692 373 231
407 59 855 778 818 602 640 638 599 336 513 52 441 810 466 249 436 441 288 347 693 460 295 600 383 210 406 830
435 253 679 548 915 532 369 821 304 57 506 350 154 764 528 533 141 648 171 645 702 206 395 675 568 187 152 724
328 467 853 872 463 527 831 228 846 626 401 412 780 635 286 227 714 29 494 446 476 826 258 322 75 615 641 733
558 849 44 166 794 357 373 925 491 615 481 914 695 407 598 967 569 880 580 1177 513 773 667 642 808 854 521 247
123 459 426 421 552 149 410 553 463 355 119 500 511 375 199 521 391 455 230 738 308 585 221 320 375 524 302 375
596 326 802 647 1075 689 443 967 343 203 667 421 108 921 688 634 221 786 333 697 863 78 548 835 710 189 283 870
283 584 266 267 630 137 317 690 404 401 229 641 528 339 340 684 395 613 322 896 348 608 385 425 536 616 317 270
321 305 557 449 799 396 307 737 288 90 378 387 250 629 416 522 151 582 70 679 572 322 312 560 498 299 79 589
98 522 514 560 391 187 575 397 630 498 64 533 660 323 56 481 549 337 358 715 194 730 206 154 273 622 460 394
232 659 454 549 329 163 614 437 690 602 135 672 758 190 184 612 637 436 471 848 61 833 346 153 387 750 548 294
448 813 760 871 54 485 928 236 992 856 412 787 1020 417 353 635 913 382 712 855 289 1086 499 210 400 941 824 573
432 334 603 463 909 491 280 844 220 42 485 428 142 722 527 596 58 682 174 725 676 218 417 670 600 275 79 665
269 262 583 495 749 381 371 671 359 141 341 334 305 611 362 453 220 512 7 620 538 369 245 509 428 291 150 590
613 431 1141 1107 827 834 1000 556 971 710 714 333 817 986 615 193 811 395 633 103 833 829 494 688 412 563 770 1060
302 164 679 594 769 455 461 653 433 179 393 236 325 680 386 375 278 477 105 525 588 373 234 533 398 222 229 675
444 833 220 390 542 228 545 715 653 677 339 873 803 144 442 863 669 715 586 1093 280 883 568 433 658 885 594 18
561 368 715 554 1041 626 348 959 248 153 620 466 18 857 656 664 135 787 297 754 812 81 532 801 707 253 211 794
291 197 792 749 670 505 649 492 634 385 400 167 525 694 332 175 483 299 282 369 564 562 167 458 235 342 426 736
491 577 393 217 914 426 33 930 124 292 488 664 329 623 577 792 215 809 336 957 638 404 541 693 724 533 207 516
322 126 791 729 733 523 611 565 585 329 430 122 459 727 379 225 429 372 245 381 607 492 208 513 307 269 381 753
427 735 830 914 191 525 941 98 990 822 426 696 985 514 335 522 891 265 678 732 363 1045 444 228 304 873 805 658
412 466 449 303 862 395 141 849 152 188 429 552 264 614 503 684 132 715 226 845 600 344 444 631 630 431 97 533
425 832 635 764 119 394 847 364 924 824 356 824 984 280 340 705 867 468 686 936 182 1056 508 199 461 945 778 440
390 756 725 826 102 437 876 218 937 798 358 733 961 394 295 588 856 339 654 812 252 1027 441 154 349 883 767 544
575 415 686 518 1053 622 308 984 202 172 626 513 35 849 670 706 120 817 316 803 814 103 557 814 736 305 206 777
423 813 691 809 63 429 879 297 949 830 371 797 992 343 332 662 880 417 688 889 224 1062 492 184 421 933 791 501
84 427 611 628 439 288 605 360 639 462 164 426 626 441 71 363 532 248 318 597 303 688 103 207 171 543 447 508
422 772 133 276 621 204 430 757 540 586 330 823 701 242 445 842 568 726 512 1064 340 782 540 473 660 807 499 102
471 884 632 773 148 417 870 416 952 864 395 878 1023 270 390 762 903 525 728 993 208 1096 560 253 519 994 814 432
405 528 368 228 829 346 119 843 189 263 401 609 343 553 489 721 212 725 271 896 557 423 459 606 641 506 168 461
363 442 895 904 520 571 849 272 857 626 445 377 775 690 332 176 718 84 501 389 532 816 276 380 116 592 649 783
623 331 837 682 1100 721 477 986 376 236 697 422 140 954 713 640 256 801 361 691 893 92 569 861 727 185 318 904
534 224 1023 956 872 747 822 642 778 516 643 130 605 937 570 193 615 448 467 168 802 611 411 683 421 344 588 978
654 436 778 605 1133 713 393 1049 279 246 711 532 83 941 748 740 212 875 390 811 902 37 624 894 796 303 296 871
296 596 754 814 279 433 819 144 860 682 318 563 845 482 211 409 754 162 538 634 320 904 302 160 173 731 670 604
242 669 451 549 327 166 618 442 695 610 144 682 766 180 194 622 644 444 479 858 52 841 356 158 396 760 555 288
359 464 413 290 803 335 172 797 209 208 370 544 312 556 448 657 179 671 205 831 540 393 402 574 586 449 114 481
279 662 642 727 201 337 767 253 826 687 248 648 851 342 185 527 744 300 544 760 182 918 341 43 284 782 655 475
287 703 552 656 222 271 720 355 791 684 217 703 845 238 209 607 728 396 546 843 81 916 380 92 368 810 639 376
318 521 826 860 393 499 836 168 861 655 375 473 813 585 258 296 738 42 517 516 424 864 274 266 93 666 660 693
55 374 552 542 531 253 500 470 530 358 156 396 522 453 144 395 423 343 214 616 344 587 94 292 259 468 338 485
361 351 534 410 835 408 254 785 232 87 407 437 223 639 456 578 105 635 125 731 595 300 364 597 550 326 23 585
529 112 906 795 970 697 624 801 555 308 629 176 351 920 602 401 395 604 334 431 819 345 433 744 544 79 399 915
464 374 595 444 939 507 251 881 181 85 511 469 124 735 559 639 18 723 212 766 699 204 456 700 639 304 90 670
538 886 101 299 687 318 490 852 606 687 443 939 790 288 555 958 658 835 624 1181 421 870 657 567 772 915 596 128
215 435 740 759 432 415 726 268 749 545 289 403 705 538 175 274 626 117 406 509 384 758 162 244 40 573 548 626
372 236 888 849 695 592 747 480 728 474 479 163 602 767 396 80 573 282 379 276 627 631 248 504 244 388 522 821
396 749 751 848 119 458 891 187 950 802 373 722 966 424 301 569 863 317 658 790 279 1031 439 167 334 879 775 573
585 262 846 702 1057 702 506 929 414 227 666 352 183 934 672 572 275 742 332 620 863 158 520 820 670 114 318 897
367 300 896 871 646 588 783 420 772 523 470 228 658 748 375 53 621 222 418 288 602 690 249 468 197 452 564 815
459 705 910 978 296 593 983 21 1021 830 482 653 991 610 376 458 908 212 689 651 454 1045 446 304 276 850 826 747
319 538 309 236 717 230 225 749 305 318 295 606 433 440 394 682 300 649 269 878 442 514 396 500 567 548 229 360
587 454 662 487 1061 618 275 1004 164 195 631 552 79 842 682 740 120 842 334 844 815 137 577 823 759 348 210 762
464 60 849 746 908 633 584 748 525 268 564 149 339 855 538 368 362 553 274 433 754 348 370 681 489 91 353 853
122 491 609 647 375 282 643 318 686 522 157 485 686 402 40 401 587 241 377 637 253 750 167 142 179 608 500 487
325 603 241 222 672 179 280 735 375 399 274 664 515 367 385 718 382 656 336 926 389 596 422 470 578 624 311 278
373 137 723 621 841 518 467 717 421 158 463 228 277 746 457 405 258 535 150 525 658 315 303 605 459 153 233 733
409 816 292 449 467 209 587 645 688 685 300 848 820 70 393 820 688 657 582 1053 210 900 533 366 605 879 608 92
451 860 644 778 120 413 867 382 945 849 380 851 1009 284 367 731 890 492 711 961 201 1081 536 226 487 972 801 446
333 461 860 877 474 534 833 237 847 624 408 404 777 645 293 216 713 39 494 435 486 822 259 333 80 609 640 742
438 525 402 246 871 391 90 877 144 246 441 610 307 598 525 735 182 753 279 901 601 386 484 646 668 490 156 504
425 507 412 261 863 385 107 864 150 230 432 592 298 597 513 717 170 737 261 883 594 378 468 636 652 474 139 507
126 430 650 670 428 327 645 325 676 490 201 419 653 466 94 335 563 206 346 571 321 712 113 206 130 554 480 543
569 401 1097 1064 790 790 961 523 935 675 670 304 787 942 571 149 776 356 593 123 790 802 450 646 370 539 732 1015
416 252 663 535 895 512 361 804 302 45 485 347 168 744 508 524 139 633 151 644 681 224 378 656 552 198 138 705
243 292 552 471 723 346 360 656 359 164 309 359 328 577 338 464 232 504 28 640 506 395 233 483 419 326 152 556
499 108 858 745 950 657 573 795 505 257 595 194 306 883 576 415 344 601 289 468 788 308 410 720 536 44 348 872
293 718 404 520 353 162 611 500 697 636 188 737 787 116 256 685 661 510 513 921 69 864 412 218 462 801 574 228
461 300 662 521 941 539 333 858 260 55 524 397 113 771 555 580 100 689 196 693 718 177 431 701 608 222 135 720
453 342 982 956 696 673 863 446 846 592 553 254 717 827 455 38 691 261 496 216 677 743 335 536 260 491 639 899
334 103 741 658 786 506 522 647 487 227 434 172 355 726 410 328 328 461 169 463 624 392 246 555 387 195 288 730
344 411 878 881 534 556 822 296 828 595 431 348 743 684 321 155 688 101 471 378 528 784 251 380 107 561 620 772
660 992 151 325 798 442 536 975 654 773 567 1050 858 400 681 1080 730 961 725 1300 542 936 778 692 897 1008 679 247
588 948 158 357 693 367 554 877 670 753 488 998 856 295 598 1009 724 874 687 1235 442 936 710 596 814 979 662 150
226 534 324 319 603 123 339 643 413 371 184 586 510 349 290 625 380 558 277 837 331 589 326 387 479 575 296 306
542 828 51 150 789 344 354 914 472 594 467 894 674 406 584 948 547 865 559 1158 506 752 649 632 792 833 499 248
471 751 100 130 752 285 305 858 421 521 403 816 610 386 520 873 481 798 482 1081 465 689 575 580 723 758 427 243
392 172 708 596 866 522 434 752 382 120 476 267 236 752 480 447 219 572 148 563 672 276 332 628 495 151 203 730
475 50 892 798 898 658 643 719 588 328 579 92 404 874 540 317 424 522 317 367 764 411 369 677 465 147 410 883
231 249 596 524 709 368 414 622 407 188 313 310 351 595 322 410 270 462 50 586 510 412 196 470 378 304 198 587
223 217 713 670 642 430 578 497 572 335 331 221 485 628 279 249 427 316 215 449 506 532 108 416 239 343 363 661
453 414 544 391 921 474 200 881 143 121 490 507 168 699 548 664 37 730 219 803 672 248 460 685 646 355 74 626
564 299 1070 1015 861 782 890 614 851 588 672 202 683 960 588 173 688 427 529 96 818 690 440 688 415 423 656 1013
68 360 585 576 525 282 530 447 556 371 177 375 535 473 141 363 442 312 227 586 356 598 61 288 228 463 359 513
651 492 713 532 1125 681 319 1064 202 253 696 590 106 904 746 787 185 899 395 877 880 122 637 887 817 372 274 821
327 751 394 523 358 183 625 522 714 664 221 772 812 82 291 719 685 540 543 955 86 890 447 244 495 833 599 209
556 858 26 190 777 351 394 915 512 629 476 921 713 387 593 968 585 874 589 1181 499 791 667 631 804 867 535 227
499 849 99 287 662 280 469 819 583 653 405 901 760 267 518 919 628 798 587 1142 391 840 618 535 734 879 563 105
263 690 452 557 316 179 633 445 711 630 165 703 786 165 212 639 663 456 500 875 33 861 376 163 411 781 575 283
142 519 606 653 347 280 658 306 705 546 158 512 710 383 49 422 609 248 402 659 231 775 196 114 193 636 522 477
396 317 590 459 874 461 288 808 242 31 451 409 177 693 490 568 86 648 138 705 643 250 381 634 564 275 63 642
383 607 250 164 752 258 203 805 304 371 346 677 468 441 452 755 336 715 338 951 469 548 467 546 634 608 277 337
419 122 894 827 800 625 698 602 661 398 528 38 506 824 467 190 499 403 339 288 698 524 299 592 355 269 464 856
338 714 226 338 538 117 456 663 555 558 240 756 689 188 353 759 556 634 465 985 252 769 460 380 569 763 478 119
312 347 512 405 784 363 273 738 269 123 357 427 272 595 406 550 155 592 93 716 547 347 320 546 507 344 68 549
394 404 503 366 860 412 200 825 181 124 427 492 222 639 488 632 90 681 177 786 610 303 409 624 596 368 34 572
273 209 634 551 748 414 426 648 406 167 358 278 324 641 361 401 258 479 62 563 554 379 222 509 398 258 199 631
388 485 915 931 499 589 884 238 895 667 463 419 816 694 347 212 758 73 540 412 534 858 310 378 135 635 687 794
501 485 1034 1035 628 712 965 350 962 716 586 401 852 830 474 176 813 210 605 302 670 882 402 515 258 636 753 925
463 345 992 965 705 684 871 454 853 598 564 255 722 838 466 47 698 270 504 206 688 746 346 547 270 493 647 910
446 190 942 884 790 660 762 573 728 466 555 95 575 848 481 136 567 375 399 226 713 592 322 596 339 333 529 891
572 408 1100 1069 788 792 966 520 941 682 672 311 794 943 572 152 782 354 599 128 791 809 453 646 370 546 738 1017
395 797 644 764 109 385 837 325 910 799 335 786 960 297 308 663 845 425 659 894 178 1031 473 163 420 912 756 454
323 701 670 764 159 374 808 237 869 731 290 683 895 356 229 552 788 315 588 782 202 961 381 86 309 823 699 497
432 477 963 972 554 639 914 285 918 682 512 403 826 750 398 182 776 130 561 361 591 863 343 435 182 629 709 848
584 378 735 571 1063 650 364 979 260 176 643 476 25 880 678 677 156 805 319 761 836 58 553 824 726 257 234 816
419 556 344 200 833 345 110 856 197 291 408 636 365 545 501 745 237 743 298 923 557 445 479 614 659 534 196 446
679 465 787 610 1158 733 397 1077 281 272 735 561 108 960 774 770 230 904 416 839 924 64 651 919 825 331 317 886
320 248 608 505 800 425 362 716 334 94 391 331 257 657 413 473 183 552 55 623 587 319 289 560 469 253 129 629
175 511 366 371 562 107 383 591 450 378 135 556 526 340 238 581 400 506 268 798 298 603 281 340 428 566 313 321
478 621 316 145 873 380 85 912 200 348 458 703 402 562 556 813 282 805 365 991 591 479 544 661 722 592 256 446
189 282 570 511 668 328 418 590 424 224 269 334 388 553 281 411 297 438 79 600 466 451 167 428 353 347 219 550
485 384 1017 996 699 705 905 438 890 636 583 294 761 851 481 82 735 263 539 210 698 785 371 552 276 532 683 928
652 401 810 643 1132 726 432 1035 323 247 716 496 101 957 745 709 234 856 387 770 910 21 612 892 779 262 311 894
475 879 281 458 505 271 615 702 722 737 367 913 867 110 460 887 734 721 640 1120 268 947 600 427 672 938 657 85
462 865 673 805 91 436 890 362 966 863 397 853 1024 314 376 725 908 482 724 954 224 1096 541 231 482 980 818 476
380 797 339 487 415 200 611 594 708 685 272 824 826 34 355 783 695 611 573 1018 158 905 503 317 563 869 612 144
485 828 823 929 100 541 979 201 1039 891 461 795 1055 481 390 628 952 371 746 840 350 1118 523 255 403 961 865 637
463 858 701 828 56 454 906 332 980 868 405 842 1030 345 374 707 916 460 728 933 244 1100 536 226 466 976 827 505
334 422 446 331 791 337 209 771 229 175 357 501 296 564 426 616 165 638 163 788 536 376 367 557 553 412 86 501
425 840 601 735 157 373 827 400 907 817 348 836 976 243 345 726 856 495 682 959 162 1049 516 212 482 948 767 404
556 866 22 209 765 347 412 908 530 642 473 928 728 373 589 970 600 871 598 1185 488 807 669 624 802 878 548 211
459 878 366 534 420 281 676 632 777 765 351 903 904 54 426 855 772 670 655 1091 209 983 580 368 628 951 691 164
463 189 756 630 936 587 452 817 383 139 546 287 197 818 551 488 222 633 214 577 742 220 401 699 558 104 233 790
507 85 927 831 924 693 673 738 615 357 612 100 424 908 570 324 452 540 351 350 796 425 399 706 487 158 441 918
262 226 772 735 637 478 644 465 636 393 370 200 538 664 300 183 488 274 280 391 532 579 138 425 206 368 427 709
341 708 699 791 149 401 833 213 892 749 314 687 912 382 246 548 808 304 605 775 230 978 392 109 307 834 719 525
538 248 794 653 1013 650 460 895 374 174 617 343 155 882 627 555 228 711 281 624 813 154 480 775 636 117 266 844
569 907 889 1003 139 618 1060 251 1122 975 543 870 1139 538 474 694 1037 438 830 898 420 1202 606 338 478 1042 949 698
439 630 260 123 814 320 152 866 263 375 407 706 450 495 512 798 323 770 365 987 530 529 517 608 689 617 280 379
466 869 674 807 92 439 893 365 970 867 401 857 1028 315 380 729 911 486 728 957 227 1099 545 235 486 984 822 477
680 544 700 513 1150 694 302 1101 185 294 718 642 158 912 775 836 213 940 431 931 898 175 675 914 857 427 300 821
596 859 109 130 855 405 343 977 460 610 526 929 675 470 643 995 554 922 590 1200 572 751 699 696 848 852 515 312
482 804 55 215 701 272 395 835 510 593 398 862 693 317 514 897 561 796 538 1114 420 773 596 551 727 824 501 162
272 273 572 483 752 376 358 679 347 135 341 347 299 608 366 466 210 522 10 633 537 365 253 513 438 297 138 583
389 595 880 927 367 555 911 100 939 735 434 541 893 615 319 348 818 100 597 550 453 944 353 293 172 741 739 736
251 280 563 480 731 358 365 660 360 156 320 350 321 588 345 459 228 505 16 632 516 387 235 491 421 314 152 568
346 738 650 754 135 367 812 278 878 753 299 724 916 321 255 599 805 363 611 830 177 985 416 107 356 856 716 469
220 208 692 643 658 419 546 524 539 302 327 226 454 624 286 279 394 347 182 471 509 503 117 428 268 324 330 649
135 328 663 652 531 356 595 409 610 402 242 325 563 533 171 286 483 251 263 513 402 618 21 305 166 451 406 585
513 500 515 341 968 500 133 947 58 207 535 593 205 714 605 749 110 805 299 890 706 279 533 736 720 432 151 623
490 861 774 893 23 512 960 275 1027 898 448 836 1062 422 396 683 953 430 755 902 308 1129 546 251 449 988 864 582
201 252 709 677 605 416 595 460 596 365 310 247 519 605 249 242 456 282 239 454 478 568 79 382 203 381 387 647
476 157 793 671 943 613 495 811 425 181 564 254 231 842 560 463 265 623 239 540 760 245 404 708 551 63 274 820
572 856 62 159 812 373 369 942 487 618 497 923 694 425 614 979 569 895 587 1188 531 771 680 660 822 858 523 265
361 637 815 879 274 496 884 78 924 740 383 595 903 530 276 422 815 165 597 636 369 959 357 213 205 777 732 659
161 572 400 457 443 73 500 501 571 486 55 600 640 252 169 579 517 451 360 809 179 715 285 231 384 650 429 289
375 727 171 283 597 158 416 719 521 550 284 777 671 235 400 794 537 682 470 1017 311 751 493 436 614 766 464 123
344 102 805 738 758 543 613 588 583 323 452 102 447 749 403 233 424 394 250 374 630 477 232 538 330 247 381 772
430 495 958 972 533 633 919 261 927 693 507 423 839 738 392 205 786 116 570 385 578 878 346 421 178 647 718 839
340 618 225 209 680 187 278 748 376 410 287 680 523 366 398 735 390 671 351 942 395 604 438 481 593 637 321 271
495 727 170 54 819 335 227 904 345 476 443 799 547 465 556 878 423 827 459 1075 531 625 587 632 749 718 381 327
333 754 533 652 221 279 733 398 811 720 251 757 878 196 261 665 758 452 586 901 68 952 432 149 425 857 669 346
502 354 655 501 980 561 302 908 216 96 557 452 71 791 596 636 74 741 240 746 748 148 481 741 660 264 144 729
286 640 690 766 217 378 792 200 845 690 276 618 854 399 191 484 753 247 545 714 238 918 326 84 241 767 666 529
430 366 963 945 652 649 862 401 851 601 527 284 734 795 425 59 700 217 497 257 642 763 317 498 222 517 643 872
701 523 757 573 1176 733 361 1111 243 300 747 620 143 955 796 823 236 944 443 903 932 130 684 938 863 395 325 870
564 511 567 387 1024 559 174 995 61 223 591 607 175 774 658 776 123 847 336 903 765 240 576 791 763 427 190 681
472 874 272 449 510 265 606 704 713 730 364 909 859 114 458 885 726 721 633 1118 270 939 596 428 670 932 649 75
373 673 172 201 672 191 314 763 419 468 305 733 578 333 421 779 445 699 407 990 385 658 479 488 625 695 378 221
426 832 285 449 478 224 592 661 695 697 317 865 831 79 411 837 698 674 596 1071 225 911 550 383 623 894 619 83
159 282 668 642 580 373 569 454 577 359 268 286 518 564 212 280 444 288 224 497 440 571 41 351 204 402 370 604
535 506 534 357 992 524 146 968 48 214 558 601 194 738 628 762 114 824 315 898 730 265 552 760 739 432 167 646
685 437 825 652 1165 753 440 1071 327 278 747 531 123 983 778 745 255 892 420 803 939 46 647 925 815 296 336 915
383 795 601 725 150 351 804 363 881 781 313 789 941 252 301 678 823 449 643 911 140 1013 471 165 435 905 734 410
267 681 556 653 232 265 711 343 780 667 202 680 828 253 186 585 713 376 528 821 92 899 357 71 345 789 624 385
267 476 368 301 694 227 258 704 317 276 263 541 407 452 350 617 276 593 207 813 430 487 335 468 510 495 195 395
303 246 822 790 641 523 699 446 689 443 410 196 583 699 328 128 540 249 334 345 560 620 180 441 195 395 481 753
462 714 907 978 286 592 986 25 1025 837 482 664 998 605 378 470 914 222 695 663 449 1052 452 301 284 859 831 743
291 553 291 253 671 182 271 714 354 353 255 614 476 391 360 674 343 623 286 879 394 557 381 458 543 575 267 319
204 486 367 342 617 158 332 634 394 328 186 540 472 389 279 587 345 536 229 795 355 550 292 392 455 527 258 353
630 553 613 425 1091 623 215 1060 98 275 657 650 186 836 724 829 178 909 397 945 830 233 639 858 825 454 254 738
481 294 687 544 961 564 353 872 275 78 546 392 102 796 574 582 120 699 216 686 741 157 446 721 620 205 161 746
490 780 69 148 751 295 333 867 450 553 417 844 641 377 534 896 512 814 511 1106 465 721 597 586 740 789 459 227
310 528 318 247 712 228 230 741 307 311 289 595 429 441 386 671 295 639 259 868 438 509 386 494 557 540 223 365
364 458 423 297 811 345 170 802 202 199 378 539 301 567 454 656 167 673 202 827 550 381 404 581 589 440 104 492
221 546 690 741 312 365 743 219 785 612 246 524 776 440 135 396 681 181 468 630 279 836 237 125 153 676 596 549
280 396 453 361 742 303 260 716 283 186 309 469 328 534 373 570 202 584 128 751 493 405 314 507 499 405 114 485
