2
5
8
20
230
100000
20000
100
40
300
1 0 
0 1 
1 0 
0 1 
0 1 
0 1 
0 1 
1 0 
26680 19360 25400 17040 22720 10160 9680
32760 29160 32680 14720 29880 7160 13840
46560 27360 44160 36440 41800 28480 11440
11360 18600 10040 17840 7280 17600 24000
25760 29600 26720 5960 24000 2000 20120
39600 28040 38400 24960 35720 17080 8000
22400 34080 24840 2560 22480 10440 28160
9640 17160 5400 25040 4320 24960 28680
23760 3200 19400 31760 18360 27920 21840
46560 30160 44680 33800 42160 25840 11360
31280 36080 32800 8000 30120 7600 24120
30000 17560 28120 21800 25560 14600 5360
31480 13880 28800 26600 26520 19720 6360
30680 6880 27040 31760 25280 25880 14080
39840 24960 38040 27960 35480 20000 4960
34880 8200 30680 38360 29440 32600 19640
7400 22000 7440 18320 4760 19800 28080
16600 29280 18720 7040 16320 11680 26880
4320 22360 2320 23320 1080 24920 31840
23080 10040 18200 36680 18320 34080 29640
727 255 503 852 708 44 93 948 266 115 458 634 336 147 547 797 738 369 374 280 396 593 251 748 717 575 835 924
989 556 698 868 800 345 372 1111 462 496 71 824 692 245 902 932 716 103 760 359 342 488 142 577 927 887 1017 909
539 393 253 322 232 537 441 555 283 530 613 323 532 545 654 372 205 648 694 266 227 198 494 346 424 547 478 389
605 135 396 776 618 161 103 836 189 57 545 523 222 254 434 693 678 473 298 256 387 570 332 734 601 453 722 855
825 370 552 811 703 154 176 989 300 298 269 685 497 74 708 819 674 206 563 230 289 482 57 616 782 705 885 869
491 105 227 590 432 298 196 673 41 241 567 360 262 353 437 518 498 538 409 162 278 425 372 593 451 390 563 670
603 167 433 836 668 207 181 861 261 48 614 552 180 309 387 730 747 532 218 338 470 651 402 816 619 432 745 918
840 830 640 265 432 944 859 663 717 962 865 633 963 925 1055 532 241 953 1128 670 569 375 838 291 695 924 664 197
362 348 425 847 654 580 524 692 476 421 965 462 203 678 20 637 826 899 235 596 714 837 753 1001 462 171 582 940
835 613 545 457 483 628 564 807 477 692 488 617 770 585 926 629 302 580 914 383 253 98 482 104 715 834 751 468
922 457 657 916 811 192 257 1096 403 351 243 790 567 92 780 927 776 134 607 339 388 574 111 696 886 792 992 971
1001 611 699 793 755 454 453 1078 494 588 126 814 761 364 963 896 636 244 852 376 306 398 243 455 919 926 995 822
569 527 333 184 177 681 586 497 426 672 720 350 654 685 749 320 68 772 820 409 349 230 626 315 434 623 448 245
855 586 557 526 529 568 513 857 449 646 405 642 746 517 915 676 369 499 881 343 211 136 409 180 745 835 793 544
402 307 110 365 202 520 417 476 240 471 690 197 421 554 519 303 302 700 589 286 312 338 535 488 302 405 381 450
785 815 607 201 383 952 862 590 710 957 906 584 940 941 1018 469 221 986 1107 677 587 402 862 347 639 881 598 122
562 665 422 26 177 857 758 377 587 827 912 372 768 870 817 243 174 965 936 591 541 411 817 447 416 673 373 112
891 441 612 842 747 217 248 1042 364 368 198 743 569 119 780 869 698 138 632 279 309 491 31 610 842 775 942 894
632 544 379 231 247 669 579 567 431 676 670 411 681 663 792 391 76 731 844 394 313 166 593 245 500 673 518 271
741 509 446 429 414 546 474 742 375 597 475 527 666 515 821 560 272 546 812 287 164 38 425 191 628 731 676 460
270 489 223 314 146 746 643 230 469 666 935 106 543 793 545 79 366 947 705 532 552 524 781 635 125 394 138 404
613 162 353 683 542 178 76 798 101 180 463 486 309 226 512 638 571 419 417 129 259 445 257 608 578 494 689 756
464 523 282 152 55 724 623 370 450 687 821 253 626 745 686 193 165 859 795 466 437 352 703 441 322 548 322 243
757 675 516 259 356 773 690 649 555 798 706 538 817 753 930 487 135 787 978 501 397 205 668 168 620 810 620 249
634 230 347 619 497 241 154 779 109 275 418 478 388 252 580 609 496 402 509 35 164 352 234 513 577 541 677 686
933 539 633 755 703 391 383 1023 423 520 145 751 689 306 891 841 600 229 783 305 247 367 184 450 856 855 936 790
93 416 302 644 459 702 616 425 492 566 1019 258 360 784 249 399 665 986 478 604 688 749 823 895 214 108 320 736
852 664 573 427 480 694 627 797 530 752 551 631 819 653 966 623 279 647 967 443 315 134 551 36 726 866 750 426
172 365 306 688 498 645 565 500 457 502 982 297 289 731 172 457 693 940 399 575 670 752 780 905 276 32 392 781
778 552 486 435 439 580 511 766 417 636 480 562 709 544 864 585 278 560 854 327 200 44 448 152 662 773 704 458
748 374 447 618 537 318 264 847 247 401 314 568 532 278 723 668 473 340 648 126 84 273 195 413 672 675 756 669
579 655 420 20 181 837 739 410 571 813 880 382 763 846 822 268 138 935 932 568 512 376 790 410 434 681 400 105
332 591 324 276 170 843 740 157 564 768 1008 208 645 885 636 28 371 1029 806 618 622 564 865 653 194 483 123 356
700 482 406 400 375 539 461 703 349 578 500 485 636 516 786 520 245 563 786 272 160 48 433 216 586 693 635 438
75 488 281 514 344 773 677 266 524 658 1038 173 479 841 407 252 563 1026 618 619 675 692 858 820 78 256 159 602
656 597 419 196 257 724 634 562 485 731 713 437 731 717 834 393 42 779 895 449 365 202 644 242 519 711 524 222
731 308 445 686 580 212 163 872 204 302 323 574 458 184 660 700 552 305 558 110 173 372 138 518 675 632 773 746
765 765 568 195 358 894 805 597 657 903 845 558 895 881 982 460 172 924 1061 618 526 340 801 291 621 849 592 140
641 192 377 692 557 165 69 820 123 194 433 510 337 201 541 658 575 389 440 120 246 437 226 597 604 524 713 762
739 448 435 502 456 454 387 781 311 516 399 535 608 420 778 598 349 458 744 208 77 132 331 276 640 703 704 543
552 433 277 285 216 576 481 543 324 571 635 333 570 581 685 360 164 677 733 304 254 188 526 323 431 573 474 350
970 598 666 741 710 467 454 1035 475 592 179 778 752 384 949 852 584 290 853 354 270 345 262 401 883 904 954 768
418 252 394 829 639 465 414 731 387 306 857 463 95 565 128 647 787 786 149 504 628 768 644 935 488 221 615 920
694 271 410 669 555 206 140 841 166 277 361 541 422 197 623 670 540 339 528 82 175 374 171 527 640 594 740 732
597 536 354 200 208 678 585 526 430 676 701 377 668 678 770 351 59 756 833 404 335 203 614 284 463 647 478 251
130 467 237 453 281 748 649 249 488 642 993 116 479 810 435 198 500 987 629 576 623 632 819 758 14 281 133 543
207 641 412 511 385 924 825 150 664 813 1164 283 636 987 549 249 601 1162 772 749 788 771 994 878 182 404 116 588
558 509 317 197 172 665 569 496 408 654 711 338 636 670 733 317 85 760 802 393 337 227 613 321 424 608 443 261
496 300 474 909 720 465 431 813 437 306 872 547 143 568 175 731 861 790 78 548 676 828 659 996 572 298 698 1000
944 888 724 380 535 969 892 781 766 1006 836 731 1030 937 1139 645 326 937 1191 703 587 389 840 258 801 1014 778 316
417 761 497 370 339 1021 918 85 743 939 1184 371 798 1065 754 208 505 1208 952 798 798 722 1045 788 318 602 191 422
637 456 349 346 307 550 464 635 330 571 556 420 605 540 741 452 198 610 760 276 190 100 469 254 520 640 567 394
389 519 258 199 36 747 644 291 467 691 881 192 603 778 638 109 250 909 770 504 494 431 748 526 244 493 236 292
863 533 559 613 584 467 426 910 400 564 293 663 692 406 877 727 456 380 813 281 167 219 293 300 768 816 833 643
485 677 415 147 179 900 798 258 621 849 1001 329 757 926 774 159 286 1042 923 648 619 514 886 566 344 624 272 211
36 476 326 621 444 763 674 365 540 632 1066 253 430 841 318 363 659 1039 550 647 721 765 874 903 181 180 268 710
1050 618 758 912 853 400 432 1166 524 554 23 883 753 299 963 986 758 111 817 419 393 525 203 599 986 949 1075 949
608 150 355 694 550 172 69 800 108 162 475 488 293 228 498 643 585 427 399 147 278 463 267 626 578 484 691 768
654 748 513 78 270 924 827 446 661 905 942 467 857 929 911 332 198 1006 1025 652 587 432 866 431 509 768 457 22
675 665 467 142 266 805 714 537 560 807 792 463 793 800 882 384 72 861 959 530 449 280 727 284 533 751 517 144
475 652 391 135 152 872 770 268 594 823 974 310 734 898 757 149 264 1014 901 620 592 490 858 547 332 607 270 208
834 547 532 538 525 523 468 853 411 602 376 625 707 472 880 670 381 462 839 301 170 142 366 221 728 805 783 563
506 260 201 446 313 412 313 603 147 394 564 317 407 435 551 429 341 573 564 160 195 282 408 447 422 466 508 520
109 363 218 571 382 651 560 399 422 526 948 180 339 726 282 339 583 922 479 530 608 664 756 810 162 129 285 663
844 499 540 624 582 426 386 905 368 524 276 649 657 366 845 722 469 351 775 247 143 235 255 333 754 788 825 659
681 443 383 421 377 499 419 703 309 537 481 470 599 478 753 520 270 536 746 230 123 88 400 255 573 664 630 465
519 165 234 553 408 312 209 672 37 284 532 365 322 350 494 507 451 516 468 114 220 365 348 533 463 436 567 629
808 683 550 332 415 753 676 718 556 792 650 587 831 723 958 551 198 738 987 487 371 172 630 94 674 845 683 322
924 859 698 368 515 937 860 771 736 975 807 709 1002 906 1113 629 302 907 1162 671 556 357 809 228 782 990 763 310
229 320 78 439 247 592 492 382 327 497 835 71 367 651 394 255 433 826 531 416 473 511 658 655 154 256 268 532
475 712 446 206 226 945 842 211 665 886 1060 346 781 975 782 161 349 1097 945 699 677 576 940 628 341 629 249 259
367 177 94 503 326 431 330 539 165 351 684 226 280 488 395 391 442 667 448 264 346 438 499 600 317 305 429 590
75 411 280 615 430 698 610 402 479 567 1007 230 367 777 271 370 637 977 492 590 669 725 812 870 186 123 295 707
356 165 273 708 519 431 357 641 287 287 790 353 87 521 190 539 664 736 246 407 524 652 581 817 395 183 524 799
843 790 620 292 434 886 804 695 671 913 790 629 930 861 1036 550 222 880 1092 615 507 309 771 214 701 911 683 243
588 474 319 268 231 606 513 558 362 608 638 367 613 605 729 377 131 688 775 331 265 163 543 285 462 615 497 323
384 638 371 246 185 884 781 159 604 815 1030 261 698 922 691 75 361 1058 860 650 644 570 896 645 249 538 164 319
460 367 496 927 734 556 517 789 503 397 959 548 207 658 118 727 894 881 163 618 743 883 746 1050 556 267 678 1019
957 867 720 412 550 930 857 815 741 975 778 740 1014 893 1134 669 332 882 1172 669 548 352 792 205 816 1014 803 359
763 519 467 452 439 542 473 767 383 599 454 550 677 507 836 585 295 529 820 290 162 57 412 189 652 749 701 481
413 643 376 211 169 881 778 193 601 817 1013 274 710 915 712 92 330 1045 874 640 628 545 885 614 275 560 198 283
425 204 365 800 612 421 366 725 339 263 808 445 46 519 169 630 751 740 154 455 580 723 596 891 481 233 609 890
898 708 620 457 522 728 665 835 574 792 560 677 864 682 1012 663 315 662 1011 483 354 180 576 32 771 913 792 448
489 559 318 116 81 757 656 369 484 722 841 283 662 775 720 200 153 883 831 495 460 360 729 435 345 580 333 207
851 405 570 803 706 201 217 1000 323 344 225 701 538 115 748 827 662 179 609 238 273 459 12 585 800 738 900 857
638 527 375 259 263 644 555 586 411 655 641 417 668 636 785 408 105 702 829 368 285 140 564 235 509 671 533 299
786 401 486 652 575 316 274 887 279 413 274 607 557 264 752 707 504 304 667 159 118 295 168 425 711 709 796 700
120 377 274 637 448 663 577 444 454 528 982 247 324 745 229 401 649 948 447 568 655 722 784 871 219 79 334 729
336 250 332 762 570 502 436 648 374 349 874 387 126 597 102 569 731 814 232 495 611 734 663 898 407 140 533 854
863 403 593 851 745 163 205 1030 340 317 252 726 524 63 736 861 713 172 579 272 326 516 62 645 822 739 927 908
761 296 502 801 676 82 96 945 248 214 353 636 415 76 627 782 674 282 479 212 305 504 141 651 729 631 838 866
598 558 366 172 200 706 612 511 454 701 728 379 687 706 782 338 35 785 853 432 364 227 642 294 461 656 468 222
237 254 99 518 325 536 440 454 291 428 815 152 284 604 320 338 497 793 447 396 474 544 626 697 212 196 337 610
823 434 523 677 607 328 297 921 314 436 239 643 588 266 786 741 527 279 693 195 148 309 158 428 748 745 831 722
675 292 379 603 499 277 204 796 165 333 377 505 451 265 641 621 470 380 572 44 107 303 216 459 608 595 700 663
572 735 480 106 233 940 839 335 666 901 1004 408 826 957 855 246 264 1056 993 677 632 502 907 528 430 706 360 135
806 465 502 597 548 410 362 870 332 499 303 611 624 358 810 687 444 367 745 213 105 217 254 332 716 751 788 636
649 215 482 881 715 195 194 910 300 58 609 601 219 298 418 779 789 518 223 367 497 683 401 846 668 474 793 962
206 447 191 381 202 716 615 255 445 624 934 58 486 770 476 144 420 936 645 522 558 555 769 678 66 325 144 472
960 516 675 874 794 291 326 1097 432 445 123 804 646 190 857 921 725 82 708 337 341 504 98 606 905 850 1000 920
744 546 457 387 394 598 523 720 414 643 524 525 700 570 846 540 229 599 850 335 217 18 480 152 624 748 661 411
708 484 414 409 385 536 459 713 351 578 491 494 640 511 791 530 254 555 788 270 155 46 427 214 596 700 645 446
588 617 397 82 179 785 688 452 524 769 818 379 734 790 808 294 77 874 902 513 452 314 730 356 444 672 427 142
395 477 223 215 24 698 596 335 419 647 831 183 569 728 619 152 230 858 737 453 445 390 697 496 254 478 270 308
313 634 371 339 245 896 793 84 619 811 1077 243 672 943 638 99 444 1094 827 681 692 639 929 727 195 485 80 412
660 283 364 591 484 284 205 781 153 332 393 489 442 276 630 606 460 395 566 32 106 299 231 458 592 581 684 653
493 134 217 564 410 314 211 660 37 268 560 350 289 361 459 501 469 538 439 146 254 396 371 564 445 404 553 642
697 568 431 290 319 661 577 639 445 686 621 476 713 644 838 463 132 691 872 388 288 109 563 176 568 727 590 314
757 285 513 834 701 30 89 958 263 175 393 646 388 87 600 800 712 309 438 249 352 551 185 700 735 616 848 902
397 303 416 847 654 522 470 720 436 363 913 469 150 621 76 650 814 843 180 554 676 809 700 975 483 200 607 939
755 728 542 204 345 848 761 607 616 862 796 542 861 834 957 460 141 876 1026 574 478 292 753 248 612 828 593 170
664 546 400 270 287 653 566 609 426 670 633 443 689 640 809 432 112 698 849 378 287 126 565 209 535 696 558 303
505 631 380 81 132 837 736 328 562 797 918 320 726 856 766 187 200 963 894 577 540 428 811 483 360 621 317 168
407 680 412 261 224 926 823 143 647 856 1070 299 736 964 723 115 388 1099 897 692 684 604 938 672 278 569 178 324
918 760 651 438 528 793 727 830 627 852 627 697 913 750 1053 664 311 731 1064 542 415 230 645 63 785 947 796 416
267 585 325 353 230 851 749 120 576 762 1045 195 620 901 587 89 442 1057 775 643 662 623 891 721 143 434 45 433
563 358 265 383 290 479 385 607 237 482 555 355 506 483 645 426 258 587 662 206 169 188 432 351 460 549 525 448
626 419 331 378 320 509 423 645 291 530 531 413 570 501 713 462 235 578 724 235 155 119 433 283 516 618 571 430
612 268 511 936 757 330 323 906 389 184 745 612 178 432 326 797 862 652 91 478 610 785 536 952 660 420 789 1022
1037 583 757 961 881 332 386 1183 510 492 130 887 704 230 916 1007 811 8 749 421 428 587 175 681 987 919 1085 1005
582 296 516 948 764 396 381 888 427 245 810 605 170 499 274 791 885 719 24 525 656 824 600 992 644 385 772 1036
1042 593 759 951 876 350 398 1181 514 508 104 888 718 247 930 1004 800 31 768 421 420 573 179 662 989 928 1084 993
993 898 755 447 586 953 882 850 770 1003 787 776 1046 913 1168 705 368 894 1202 695 572 378 809 224 852 1049 838 391
232 258 227 645 452 541 458 527 348 405 873 263 208 625 190 444 627 832 351 466 566 660 670 818 283 83 411 737
268 276 36 450 259 545 444 427 279 454 789 113 338 603 390 291 426 779 505 370 432 483 611 632 202 264 315 542
448 686 420 210 206 922 819 197 642 861 1045 318 754 954 754 134 344 1080 918 679 661 568 921 627 313 601 225 271
194 309 113 491 298 591 494 399 339 484 859 107 334 657 343 292 487 842 493 439 507 559 675 706 156 202 282 584
530 321 228 397 284 460 363 592 205 452 568 327 466 472 604 412 284 591 624 193 184 229 431 392 432 509 504 467
657 714 489 74 257 878 782 475 620 866 886 458 829 879 896 343 145 951 997 605 534 375 813 376 511 756 473 50
434 75 197 597 426 336 238 639 107 247 631 324 211 403 373 494 521 597 369 228 340 474 433 642 408 324 526 682
771 743 558 218 362 859 773 621 630 875 799 559 877 843 974 476 158 881 1041 585 488 298 761 245 629 845 609 179
792 744 569 248 383 850 765 651 627 871 776 577 881 830 985 501 170 861 1045 577 474 281 744 214 650 859 635 211
857 698 588 399 472 741 671 781 566 794 603 636 850 703 989 612 261 700 1002 485 360 169 602 27 726 883 742 388
849 387 582 848 739 144 188 1020 328 298 271 714 506 46 718 852 712 190 560 266 327 519 75 652 810 722 916 907
757 659 508 276 360 751 669 660 537 779 680 537 803 729 921 495 141 761 963 479 374 180 643 149 621 803 627 272
361 665 399 308 242 921 818 95 642 842 1085 277 711 964 684 107 425 1108 869 697 698 632 944 710 240 531 129 376
304 292 341 764 571 549 481 624 411 396 917 380 173 643 74 558 742 860 265 532 645 759 707 921 388 105 511 856
141 384 302 670 481 667 584 471 469 527 996 280 317 751 202 433 681 958 430 585 676 750 796 900 250 61 363 763
737 612 475 296 351 698 616 664 488 728 634 516 759 676 883 492 145 712 917 427 320 128 591 141 605 771 621 307
731 516 440 405 395 564 489 723 383 609 500 515 671 536 821 542 247 570 820 301 182 16 448 182 615 728 659 435
525 673 418 85 171 880 779 319 605 840 958 350 764 900 798 200 230 1005 932 620 581 463 853 507 381 650 324 154
984 934 768 414 575 1012 936 812 811 1051 870 773 1076 979 1184 681 369 973 1237 747 630 432 880 295 841 1058 813 345
276 369 385 790 598 627 560 609 485 474 995 399 250 722 68 565 783 939 318 606 714 819 786 978 386 98 501 883
176 365 309 693 502 644 565 505 458 501 983 301 287 731 168 461 696 941 396 576 672 755 780 908 280 31 396 785
494 307 477 912 723 473 439 813 444 314 880 548 149 576 170 732 866 798 84 555 683 834 667 1002 572 296 698 1003
534 298 230 426 309 431 334 612 178 424 549 338 446 444 591 434 312 567 602 165 170 241 406 407 443 503 521 496
849 809 633 288 440 909 827 691 691 935 816 636 947 886 1049 550 233 906 1110 638 531 334 796 240 706 921 683 232
294 642 383 375 276 909 807 61 635 819 1102 252 671 960 627 130 479 1116 824 701 717 671 950 761 190 474 63 448
358 502 237 230 57 737 634 278 457 675 886 162 579 772 609 95 277 909 746 500 499 448 747 549 213 463 214 322
237 425 162 360 174 688 586 283 414 602 897 38 475 739 483 147 387 901 638 487 519 516 734 641 103 335 176 452
544 90 357 759 591 228 165 789 192 91 607 478 156 321 367 655 673 540 253 284 416 588 395 755 550 386 674 841
796 465 492 580 532 421 369 856 331 505 320 600 625 372 808 673 426 384 749 214 97 199 270 317 705 746 775 618
588 582 375 129 181 741 646 479 484 730 771 373 705 745 790 312 41 827 872 469 405 269 683 325 447 658 444 185
482 731 465 224 248 966 863 204 686 906 1082 362 798 997 794 176 369 1120 961 721 699 598 962 648 351 641 253 271
861 398 596 863 753 147 199 1035 342 303 269 729 514 45 726 867 726 181 565 280 341 533 82 663 824 733 930 921
524 285 479 914 727 429 400 836 420 272 838 560 137 532 213 746 859 754 43 526 656 815 626 983 592 327 720 1004
258 622 369 402 289 894 793 83 623 799 1100 236 645 948 593 145 499 1110 795 695 718 682 943 779 162 441 34 479
593 169 321 636 498 223 123 762 67 224 466 454 326 259 521 599 523 436 448 89 221 401 269 566 549 488 656 708
926 633 625 600 606 581 538 934 497 675 359 716 793 517 970 753 443 466 920 383 257 213 401 223 819 897 869 613
864 523 560 629 594 448 409 919 391 548 274 667 682 385 869 736 473 358 799 272 164 236 271 322 772 811 840 661
59 430 246 538 357 717 623 328 475 597 997 164 414 788 347 289 570 978 553 577 642 678 811 815 104 194 216 629
972 864 728 438 567 915 845 841 735 966 749 754 1013 874 1139 691 348 855 1168 658 534 341 770 184 833 1023 825 390
720 247 487 828 687 40 69 933 245 128 439 619 342 134 554 779 712 356 391 253 367 564 230 719 705 574 821 899
523 431 256 267 184 590 492 510 329 575 665 303 561 600 668 327 162 703 726 321 281 220 550 350 399 551 441 338
711 783 557 128 319 944 850 503 689 934 937 519 898 943 961 390 208 1008 1066 670 595 426 874 403 566 819 516 37
642 293 342 551 448 322 240 749 157 360 417 463 453 316 633 573 420 428 586 51 84 265 267 427 567 575 655 613
611 254 314 556 440 306 216 732 118 329 443 439 414 312 594 558 431 444 548 32 122 295 278 460 542 538 634 622
792 516 492 504 484 512 451 812 380 582 401 583 676 469 845 629 347 479 812 275 143 110 369 220 686 766 742 534
526 381 541 975 784 536 509 852 518 380 946 603 223 639 184 784 934 861 122 629 757 908 734 1075 617 330 740 1066
633 160 407 768 617 127 57 851 178 87 499 537 266 212 478 701 663 430 343 224 352 541 286 703 620 489 738 844
268 342 76 388 195 602 499 369 328 519 819 62 407 653 447 223 380 818 574 404 447 469 651 608 166 310 261 480
937 481 662 894 800 235 284 1094 412 392 187 793 602 132 814 921 750 94 653 332 361 539 84 653 892 816 993 945
790 402 491 659 582 310 271 893 280 410 268 612 557 257 753 714 512 297 664 161 126 303 160 432 716 711 802 708
192 318 112 482 289 599 501 388 345 493 862 96 345 664 353 281 479 847 504 443 508 555 680 701 147 211 272 574
505 381 222 314 206 543 445 524 280 526 640 288 514 557 628 342 212 670 678 278 253 232 513 377 390 517 446 387
761 289 539 885 742 41 126 983 300 139 451 669 363 136 572 832 769 354 387 308 420 618 251 770 752 606 871 956
683 498 397 355 340 575 493 668 369 606 546 464 649 556 789 486 199 609 803 304 201 55 477 206 564 689 605 392
679 368 375 511 434 392 317 751 232 441 411 485 528 372 701 569 368 447 665 131 24 188 300 347 590 632 665 563
915 836 682 370 508 909 833 773 711 949 775 699 980 876 1096 627 291 875 1139 644 527 328 778 196 774 975 760 319
627 666 446 69 221 829 734 468 572 817 846 422 783 832 855 323 101 908 951 557 489 337 768 356 482 718 455 97
334 148 135 567 382 431 336 555 198 325 726 244 212 501 317 425 516 696 380 313 411 515 530 678 317 238 439 656
596 445 314 312 261 564 473 589 327 572 596 377 589 561 715 406 174 644 748 289 221 142 498 284 476 608 521 367
264 582 322 355 230 848 746 122 574 760 1044 192 617 899 584 90 443 1056 772 641 660 623 890 722 140 431 43 435
475 94 327 751 572 311 247 740 230 163 688 436 75 405 284 619 681 624 210 340 468 625 476 793 496 307 623 837
277 362 380 787 594 620 553 609 478 466 988 396 243 714 66 564 778 932 313 599 708 813 778 972 385 96 501 879
412 722 455 312 281 975 872 106 696 899 1127 335 769 1015 740 159 445 1154 926 746 741 662 992 728 296 586 179 369
754 528 461 426 420 564 492 748 394 615 481 539 685 531 839 567 268 556 831 306 182 30 439 172 640 748 684 454
598 161 332 656 516 204 103 775 78 203 468 465 314 246 513 614 544 431 431 108 240 422 266 586 559 486 668 728
311 226 287 718 526 493 420 614 343 346 852 345 131 584 139 528 686 799 264 464 576 693 643 857 370 125 498 809
468 6 261 667 496 292 203 697 134 183 626 384 162 370 352 559 588 578 309 250 374 526 419 694 460 332 582 751
547 278 243 458 340 399 302 639 152 396 525 357 431 412 585 462 342 539 583 133 153 253 376 421 462 504 545 528
496 283 192 416 285 442 343 579 176 422 584 300 425 464 561 403 314 597 585 188 208 271 434 434 405 468 486 491
705 244 445 752 623 108 55 888 191 192 388 578 374 133 584 726 630 331 455 167 275 473 176 627 671 580 781 820
808 763 588 258 399 867 784 661 646 890 788 594 901 847 1004 515 188 874 1064 595 491 296 759 220 666 877 648 215
283 374 106 352 159 627 524 347 350 550 828 63 444 674 481 191 351 833 610 418 451 456 666 589 165 342 244 445
502 216 202 488 348 373 272 625 102 348 554 328 367 402 520 455 387 553 521 138 204 318 386 485 430 445 525 564
709 237 466 797 659 61 42 911 218 145 423 598 347 131 559 755 679 348 410 219 333 530 210 685 687 570 801 867
348 291 374 801 608 532 471 669 417 375 911 421 153 628 61 601 773 848 223 538 655 779 699 943 432 150 556 893
736 278 471 763 640 112 88 912 217 221 355 604 408 109 618 747 636 297 485 174 270 469 142 618 699 613 806 828
442 754 487 319 306 1006 902 124 726 931 1151 367 802 1045 772 190 459 1181 959 774 766 681 1020 740 329 618 209 368
695 336 394 577 487 323 254 795 204 384 367 514 496 300 681 616 437 387 621 85 58 256 233 410 618 627 703 633
711 485 417 412 388 535 459 716 352 578 488 497 641 509 793 534 257 553 789 270 154 46 425 213 599 702 648 449
618 293 316 519 415 349 262 718 156 376 446 435 452 347 625 540 390 461 591 73 89 249 300 414 539 560 625 582
252 287 292 709 516 560 484 568 393 414 911 323 198 649 125 500 692 862 315 514 619 722 704 882 330 58 454 801
888 470 593 766 693 305 303 1003 365 437 163 718 616 221 821 824 616 190 702 256 236 395 99 502 821 795 910 811
333 281 36 407 224 526 423 448 249 454 738 143 372 573 450 290 366 736 541 322 370 413 569 563 246 331 342 496
289 297 335 754 561 558 489 611 414 406 923 369 184 651 80 546 735 867 279 535 646 757 713 918 375 91 498 847
729 337 432 635 542 277 221 845 215 357 324 557 494 245 688 668 495 333 606 97 110 307 175 453 660 646 750 691
721 785 562 137 327 942 849 517 689 935 929 528 902 940 968 401 205 1001 1070 668 590 419 869 391 576 827 528 49
914 713 633 482 542 723 662 857 578 792 542 694 870 674 1022 685 338 647 1015 483 353 189 566 57 789 925 813 473
543 606 372 66 138 791 693 400 523 765 849 340 715 804 777 243 123 899 883 524 476 353 751 407 398 637 376 153
819 462 516 628 573 388 346 893 332 484 274 629 620 331 810 711 475 335 735 212 120 249 224 362 734 757 809 668
913 542 610 704 662 424 403 985 418 542 198 724 697 348 893 803 548 288 801 297 215 312 227 391 829 847 903 737
468 667 403 159 172 893 790 244 614 839 1001 315 744 920 759 142 293 1039 910 643 618 518 883 575 327 608 255 227
508 713 450 160 215 936 834 259 657 885 1032 361 791 961 804 185 309 1075 957 683 652 541 920 585 369 653 289 210
782 508 481 498 475 508 445 803 371 575 406 573 668 467 835 620 341 481 805 268 136 105 368 223 677 757 732 529
934 549 632 740 694 411 399 1015 430 537 161 748 701 329 901 833 584 253 799 310 241 349 207 427 853 860 931 773
569 224 463 889 709 322 300 859 349 166 733 564 131 425 298 749 817 647 99 444 576 746 522 914 613 380 742 975
845 614 554 474 497 621 559 822 477 688 472 628 772 575 930 643 319 566 914 380 249 108 471 115 727 840 765 485
492 534 301 139 84 725 625 395 454 694 807 280 642 742 709 220 136 849 811 463 426 330 695 413 351 572 350 225
699 536 421 331 338 617 535 663 409 647 574 479 686 597 820 484 173 643 841 345 241 65 515 178 575 715 607 361
293 536 269 295 151 791 688 191 513 713 969 152 589 836 584 35 368 985 751 572 584 543 821 644 150 432 118 382
481 380 516 947 755 559 523 811 516 400 965 569 219 661 139 749 913 884 157 630 757 899 752 1066 578 289 699 1039
995 614 691 773 740 468 462 1064 494 599 152 805 766 381 966 882 616 269 862 374 296 377 259 430 910 924 983 800
429 661 395 208 184 898 795 195 618 836 1026 293 729 931 731 110 334 1059 893 656 641 553 900 618 292 578 210 276
572 156 299 620 479 241 139 741 45 230 486 432 315 280 506 578 511 457 444 95 225 398 290 564 527 470 634 693
733 291 455 721 607 167 125 890 205 264 333 587 434 146 640 721 590 297 524 134 217 416 130 563 685 622 787 783
561 366 550 985 796 496 476 883 502 342 909 622 215 599 226 806 936 819 78 607 738 896 698 1064 644 364 769 1076
326 153 209 644 456 438 353 591 252 307 772 295 142 521 235 480 601 728 307 373 482 598 568 762 346 183 473 735
658 480 372 343 318 569 484 646 354 593 558 440 630 554 766 464 190 616 785 295 201 80 480 229 539 665 581 385
