2
5
8
20
230
100000
20000
100
40
300
0 1 
0 1 
0 1 
1 0 
1 0 
1 0 
0 1 
0 1 
28280 1320 23400 36920 21840 40120 37400
18600 30120 27760 23520 36800 28840 24480
800 26200 11080 9640 21680 13760 10240
8040 21560 14440 16400 23480 21000 17160
12960 18720 3360 19680 9600 21400 19800
25600 28600 32680 31720 40160 37000 32680
18800 26280 8200 22080 7400 21360 21760
7200 31560 11320 6120 21400 7280 5920
21720 26480 28880 28080 36640 33320 29000
20840 6160 16600 29480 17640 32720 29960
14360 41320 22360 5640 32400 5560 5320
14000 26720 5240 16960 11200 16560 16680
11960 38920 21760 5040 32280 8520 5560
13760 35880 25200 14080 35720 19120 15000
11960 16280 6640 19920 12920 22600 20280
8400 31400 19800 11000 30280 16320 11960
26080 10560 17120 33640 11320 35440 33840
19480 16160 9040 26080 5160 27320 26160
13560 33040 10960 12320 18240 10240 11720
11800 31280 22640 15120 32800 20440 16120
779 921 812 143 299 37 718 1128 1007 450 359 441 667 672 781 390 596 829 252 653 146 156 638 199 992 831 560 253
397 368 282 951 1021 1110 456 152 112 873 746 646 521 835 676 863 783 255 1118 709 1066 1008 480 891 233 421 878 895
504 550 346 880 1006 1024 278 183 166 686 708 555 592 600 807 870 567 259 1086 798 1011 884 510 791 446 563 938 765
417 379 572 788 670 924 846 892 779 1053 617 720 387 1171 154 532 1077 663 779 272 809 962 489 832 514 350 387 914
756 905 740 265 491 280 559 996 889 212 384 351 673 433 850 514 365 730 480 731 367 88 609 173 943 824 693 94
653 790 568 511 720 600 285 715 633 151 471 304 629 161 862 662 64 519 752 774 646 417 532 390 777 734 816 308
646 749 509 749 932 862 211 500 459 429 645 460 677 290 920 836 282 428 985 866 888 689 575 636 687 724 958 573
570 682 443 658 836 776 130 504 439 371 548 364 590 283 833 739 243 370 892 774 796 610 487 548 635 649 862 492
569 553 433 1066 1163 1218 497 60 190 914 875 746 686 830 858 1012 798 376 1254 883 1190 1094 630 990 419 602 1045 976
528 673 556 124 295 281 495 881 757 380 117 201 425 574 580 255 480 576 343 459 255 235 384 101 737 585 430 191
668 812 698 51 273 141 613 1017 895 396 250 330 560 613 691 316 528 716 272 564 161 143 526 98 880 722 494 185
625 766 668 14 218 173 613 1000 875 440 206 320 511 651 630 251 563 692 237 503 138 207 487 128 841 675 429 229
434 567 507 223 235 377 545 868 738 535 83 267 312 711 423 111 614 551 329 298 291 391 310 264 656 475 269 357
347 446 471 413 331 555 620 849 718 711 254 399 220 864 232 170 766 542 443 104 448 588 284 460 562 355 143 549
778 914 690 577 798 638 395 807 737 150 574 419 752 72 982 760 65 637 816 891 705 446 656 455 897 858 921 359
356 395 509 586 472 721 729 873 747 876 426 552 267 1015 88 330 918 595 582 80 607 764 365 636 531 324 197 723
210 323 93 611 697 769 232 406 275 580 411 309 267 610 498 550 532 89 789 472 729 673 180 552 303 288 608 564
650 773 538 624 822 724 225 618 553 277 552 370 651 170 892 746 133 472 864 819 761 545 549 506 737 730 886 433
495 515 343 937 1047 1087 356 88 111 773 754 614 598 695 796 903 659 268 1134 802 1064 957 528 856 396 544 954 838
220 356 311 422 434 583 450 686 554 606 209 271 101 728 294 273 633 373 537 211 505 557 113 421 442 264 318 485
712 856 736 96 307 117 635 1046 927 384 295 360 605 604 738 362 524 749 290 612 176 107 568 116 921 767 539 178
821 958 736 588 812 637 442 854 785 155 601 454 792 92 1019 783 112 684 824 925 711 444 697 468 944 901 948 367
295 433 366 344 372 505 452 734 603 550 131 225 179 690 350 220 593 417 470 246 431 481 169 345 515 342 308 414
559 652 679 381 192 474 787 1056 924 777 338 521 431 963 386 145 867 745 293 275 346 575 484 477 772 564 103 580
540 683 574 102 267 263 523 905 780 403 122 228 432 600 576 236 507 597 315 453 228 237 398 109 752 594 413 207
342 427 191 696 812 846 157 312 202 571 515 374 409 548 638 674 486 104 895 614 824 723 319 617 365 413 746 606
757 901 784 129 312 75 682 1095 976 413 339 409 649 635 773 388 558 798 277 646 167 121 615 165 968 811 562 215
575 723 562 221 431 334 420 841 728 237 228 171 495 432 686 397 340 559 462 574 358 194 428 104 763 643 567 87
241 386 213 469 561 628 258 545 417 492 269 180 219 570 461 422 480 232 648 400 586 540 117 415 411 319 505 438
459 553 315 704 850 842 90 360 284 499 551 382 508 439 746 728 391 231 922 708 838 696 410 609 490 534 823 576
445 566 331 576 734 711 41 481 387 383 438 260 460 369 703 624 300 271 800 644 712 564 356 478 534 525 737 445
573 694 662 216 77 316 702 1028 897 627 231 413 444 824 486 91 730 711 185 359 195 410 463 318 796 601 239 423
454 564 325 635 789 770 21 430 344 429 491 316 485 389 727 674 331 253 856 677 770 622 383 537 518 533 780 502
290 439 298 379 473 539 316 636 508 458 178 124 225 571 450 340 476 323 558 366 495 464 144 334 485 361 444 370
509 560 351 871 1001 1013 266 201 182 671 702 546 594 582 812 866 550 263 1080 800 1003 872 510 781 459 570 938 752
207 333 316 450 443 609 481 694 562 646 241 312 78 768 254 278 672 386 550 176 525 592 128 456 429 240 300 523
78 143 100 690 720 852 410 440 315 743 473 436 205 788 374 557 708 189 824 392 787 790 192 658 161 126 559 693
345 471 439 327 305 480 536 812 680 601 145 293 217 757 323 143 659 496 411 202 389 490 240 358 568 377 226 442
801 937 852 178 239 65 789 1185 1061 547 386 502 682 769 765 366 690 878 166 637 88 255 667 274 1020 845 520 345
560 681 445 605 787 721 133 545 470 320 503 318 569 259 811 696 204 380 840 745 743 554 466 493 645 641 824 436
637 783 587 366 582 450 363 803 705 100 364 235 584 280 798 545 191 560 607 696 499 270 499 244 797 714 710 159
499 525 345 927 1041 1075 341 108 122 756 746 604 599 675 801 898 640 267 1126 804 1055 943 526 845 409 550 953 824
789 918 686 655 871 724 376 761 703 236 631 463 778 24 1015 821 100 623 895 931 785 532 678 533 888 870 976 440
631 772 558 453 663 544 297 736 646 123 420 260 596 209 824 609 112 518 695 732 588 364 502 332 769 710 766 253
594 740 614 95 310 230 525 928 807 348 186 241 493 554 646 304 465 628 336 524 233 167 449 39 801 653 482 142
236 134 364 805 757 961 671 642 537 963 597 632 291 1037 237 594 952 452 869 338 866 947 366 811 261 156 514 870
730 866 642 552 769 623 349 768 695 140 535 375 705 95 936 723 21 590 792 846 682 433 608 430 850 810 882 337
541 613 386 820 968 955 205 300 269 584 669 500 607 484 838 845 457 295 1040 810 955 803 514 722 527 610 934 683
243 348 370 461 421 615 547 748 616 696 266 366 116 827 203 255 731 445 531 111 520 618 192 484 459 256 242 559
215 153 359 750 697 904 655 666 554 925 545 592 245 1010 181 535 922 449 810 278 808 896 329 760 291 136 454 824
230 277 81 745 817 904 310 296 164 702 539 445 336 703 533 662 635 64 913 538 859 808 279 688 204 285 695 699
611 712 722 342 131 416 805 1098 965 756 341 526 481 951 456 152 857 783 224 341 287 534 525 448 828 622 174 552
398 429 244 851 952 1004 300 154 52 722 661 532 499 671 700 806 623 169 1041 703 975 883 429 776 322 450 854 766
637 784 653 101 328 203 548 958 840 331 230 273 537 545 690 340 458 663 340 567 231 122 492 29 842 697 520 119
276 366 411 476 411 624 595 787 657 735 293 408 155 871 172 248 774 488 523 64 522 641 239 509 485 277 204 589
460 535 306 775 910 917 169 279 215 581 611 451 529 510 758 780 469 215 987 734 908 775 438 684 454 529 862 656
508 573 351 829 967 969 217 255 219 617 668 506 583 528 808 838 495 260 1043 788 962 823 493 736 482 574 918 703
290 354 132 736 829 891 243 274 146 650 541 422 380 635 593 682 572 46 920 586 857 781 306 668 280 353 732 667
695 819 775 204 60 231 781 1134 1004 636 321 485 568 848 608 217 760 818 61 483 103 376 578 325 918 726 346 424
751 882 652 610 825 683 347 748 683 199 584 417 735 50 971 774 53 593 851 886 742 493 636 488 857 832 929 397
387 440 229 798 908 948 237 211 113 659 613 476 476 611 690 766 561 142 993 682 924 823 397 719 348 448 825 706
349 390 502 582 470 718 721 866 740 869 420 544 259 1007 85 326 911 587 581 73 604 759 357 630 525 317 198 717
214 155 181 834 864 997 479 358 257 855 619 567 344 871 467 700 800 232 969 513 932 927 337 798 34 216 688 825
228 377 241 436 510 597 316 593 463 512 226 182 176 610 412 365 517 277 601 343 546 527 84 396 423 300 445 433
198 267 41 701 772 860 296 339 207 672 494 405 296 686 501 617 614 55 867 499 814 768 234 646 217 261 653 660
739 865 813 205 110 197 804 1168 1039 633 353 508 612 849 658 266 762 853 36 532 78 359 618 327 961 771 395 421
487 585 345 700 854 834 86 386 316 475 556 382 531 407 770 737 362 263 922 728 836 683 431 601 524 563 838 563
279 427 305 372 449 534 350 655 525 485 162 150 199 604 418 311 509 339 539 332 482 472 132 338 482 344 409 384
719 863 659 426 649 485 409 848 758 13 448 322 670 224 886 624 153 625 663 783 552 294 583 305 870 796 793 206
551 690 473 461 654 573 217 658 564 207 386 209 526 261 759 580 167 432 699 674 599 406 428 346 683 631 726 288
362 510 387 289 389 450 382 726 599 433 90 114 271 578 467 272 480 414 470 363 404 389 216 254 568 425 403 307
198 80 315 795 763 954 625 589 484 931 584 604 274 997 267 598 913 401 875 354 865 929 337 793 209 120 533 848
504 587 634 430 262 537 771 1012 880 801 347 522 380 977 311 170 880 705 367 206 412 622 446 513 712 501 27 614
496 504 350 965 1068 1117 395 45 105 814 777 644 606 739 794 920 702 283 1157 807 1091 991 542 888 378 539 963 873
520 662 453 420 609 539 228 666 565 219 338 161 486 305 717 532 209 421 656 629 558 381 391 309 664 599 678 261
129 198 41 691 741 853 356 391 262 708 478 416 241 740 432 581 663 127 841 439 796 777 201 649 177 187 600 674
370 402 524 605 486 738 748 885 761 898 447 573 285 1036 87 346 940 611 595 101 623 783 384 656 539 333 207 744
858 992 911 239 270 106 848 1245 1121 594 445 562 736 816 810 411 740 938 176 682 134 298 725 331 1077 899 555 397
847 988 771 561 788 596 488 908 835 137 597 463 808 156 1030 771 161 725 791 930 678 404 717 444 981 927 941 340
556 700 498 387 586 497 279 717 616 177 332 170 512 298 736 523 201 469 626 642 525 333 421 271 708 633 677 213
200 226 84 761 818 922 362 317 192 745 550 473 319 755 497 659 685 115 917 514 869 836 278 712 150 244 677 730
537 657 627 227 113 341 676 994 863 621 206 391 408 814 454 56 719 677 221 326 224 420 427 318 759 564 218 422
19 162 142 629 650 791 420 507 379 716 412 396 132 782 318 486 697 231 754 323 721 739 135 606 225 99 488 648
326 342 184 837 918 994 341 194 65 755 636 528 438 727 623 764 670 137 1012 637 955 888 382 773 232 370 796 775
490 626 406 479 656 604 159 598 500 274 373 188 474 312 712 566 224 365 711 634 616 449 374 372 617 571 700 329
420 533 296 609 757 748 20 435 339 430 458 287 447 410 689 639 344 229 827 639 743 606 345 515 494 499 743 487
615 761 631 103 325 221 531 939 819 332 209 253 515 542 671 327 454 642 344 549 238 142 469 19 820 675 506 122
385 318 533 832 733 975 823 829 723 1064 647 729 383 1167 188 586 1076 623 843 316 865 998 480 864 448 309 455 940
426 518 551 404 280 531 690 929 798 744 284 450 299 911 269 140 813 622 392 147 414 591 362 471 638 429 69 567
139 254 273 529 517 688 489 648 518 701 318 366 22 806 220 351 714 354 625 185 604 666 125 530 357 161 343 592
152 300 210 489 529 652 372 584 452 597 273 265 97 690 339 372 598 271 629 288 587 599 11 465 362 219 417 511
509 657 517 184 363 330 430 827 706 327 136 141 418 511 597 309 415 528 412 483 320 242 362 110 709 572 477 164
411 559 431 246 370 406 397 762 636 398 78 107 319 556 506 271 459 453 442 398 368 340 265 205 615 473 419 260
363 403 207 815 914 968 278 191 72 698 623 497 461 657 666 767 605 130 1003 666 938 851 390 742 304 418 816 734
644 769 534 614 812 714 222 621 554 269 542 360 644 170 885 736 128 470 854 811 751 535 542 496 735 725 877 423
683 814 585 573 782 660 284 698 626 195 529 356 669 117 905 721 49 529 814 822 708 475 569 452 791 764 872 369
809 935 881 250 175 191 861 1233 1105 661 418 566 682 881 725 335 798 919 65 600 112 375 687 366 1031 842 457 452
226 375 235 441 517 603 310 586 456 512 233 184 178 607 416 373 514 269 608 349 552 531 84 400 418 300 452 436
489 593 353 675 832 807 66 415 341 446 535 359 526 382 767 719 334 275 899 720 811 654 425 574 538 567 825 534
826 967 751 545 771 584 469 892 817 117 576 442 787 151 1008 752 145 705 777 909 664 392 695 427 961 905 921 324
107 228 71 618 670 780 334 449 317 654 405 350 185 703 401 512 621 150 769 390 723 707 130 578 242 185 542 608
580 729 573 201 413 315 438 857 742 252 221 182 497 450 682 383 359 572 442 568 338 181 433 84 771 647 556 82
744 890 691 405 632 452 450 890 798 39 449 339 688 258 897 618 195 661 638 790 526 260 604 288 902 819 790 184
43 159 115 648 676 811 406 477 349 718 432 404 162 775 346 513 692 205 780 353 744 753 151 621 202 113 518 659
689 813 769 199 57 231 775 1127 998 632 314 479 562 844 604 212 755 811 67 478 102 373 572 320 912 720 343 420
452 500 601 564 414 684 796 970 843 898 438 589 350 1054 189 298 956 683 520 144 561 752 440 632 635 426 129 727
449 482 294 879 989 1028 303 136 89 723 695 556 547 656 752 846 615 214 1075 752 1006 900 474 799 372 502 900 782
316 433 198 589 709 739 123 419 303 489 411 266 350 501 590 577 427 149 790 547 717 619 250 511 404 396 663 504
689 837 654 315 541 376 449 888 786 117 365 278 621 335 821 528 258 634 551 710 440 188 545 197 861 762 702 94
471 544 608 471 316 586 766 984 854 825 366 532 352 993 258 206 895 683 422 163 463 662 427 547 673 461 30 645
469 559 322 727 872 865 113 342 273 518 573 405 523 450 759 749 406 235 944 724 861 718 427 632 490 543 842 598
661 798 714 63 174 147 672 1053 927 494 247 378 543 708 640 246 620 743 178 511 78 239 527 185 880 706 417 282
320 296 477 725 631 869 748 805 690 966 542 631 292 1077 82 481 985 567 742 210 760 892 393 759 434 256 360 836
159 265 296 525 504 683 510 671 541 712 317 377 44 822 201 337 729 377 613 162 596 668 145 532 374 172 322 597
363 370 224 874 957 1030 362 155 34 780 674 562 477 742 659 804 689 174 1051 675 993 922 421 808 252 404 835 807
292 348 135 751 842 907 259 261 131 667 555 438 387 650 595 693 588 56 933 591 871 798 315 684 268 352 740 684
395 461 538 505 380 634 721 912 783 824 365 512 283 977 176 243 880 618 490 82 517 689 369 565 591 380 107 657
849 982 905 236 253 116 849 1242 1117 604 438 561 726 826 795 397 749 934 157 667 123 309 717 335 1069 889 538 404
641 789 649 135 361 226 528 945 828 297 244 263 546 512 708 368 426 654 373 587 263 110 494 27 842 703 547 85
614 760 566 349 563 441 353 792 691 126 339 210 558 301 772 521 209 542 591 670 484 266 474 228 776 689 685 150
451 447 313 954 1044 1109 410 67 72 831 758 637 566 772 744 892 728 258 1136 764 1075 992 510 883 318 488 925 875
400 410 557 664 537 796 796 908 786 957 508 631 329 1092 97 404 996 645 646 161 678 844 431 717 549 353 254 804
412 464 560 546 411 672 755 930 802 866 408 552 308 1018 162 282 920 642 520 102 553 730 398 607 598 388 129 700
217 126 350 783 737 939 654 638 531 942 575 611 269 1018 224 574 932 438 849 320 845 925 345 789 259 136 497 848
361 450 492 438 340 576 652 870 738 745 287 433 237 898 213 186 801 566 452 85 465 617 309 491 571 362 120 581
627 773 579 353 569 441 362 802 701 114 349 223 571 294 785 530 204 554 594 682 487 263 487 231 788 702 695 149
426 564 485 214 266 374 506 840 711 495 39 224 309 667 445 154 570 524 353 323 302 368 293 236 644 473 310 323
733 867 790 131 175 109 746 1130 1004 543 323 453 612 761 692 293 677 820 130 564 19 264 602 245 953 775 450 332
730 878 736 169 391 183 598 1023 909 304 329 347 634 526 789 430 450 739 376 665 263 24 584 114 930 792 610 114
430 552 522 274 220 416 597 893 762 606 151 330 301 780 372 60 683 577 327 243 314 454 323 331 652 459 197 427
438 519 285 742 877 885 140 301 225 557 578 418 502 498 733 748 451 196 954 705 875 745 409 652 445 509 831 626
223 297 371 542 485 694 590 741 613 772 348 438 125 893 128 321 798 455 597 90 595 700 226 566 421 210 265 641
295 405 413 413 364 564 563 791 659 676 229 354 165 819 236 198 722 483 475 120 466 577 224 444 514 312 204 526
463 558 585 384 244 503 710 963 831 742 286 459 335 915 307 118 818 653 354 187 383 573 393 459 677 469 62 558
634 782 643 131 357 227 525 941 823 301 237 258 539 515 701 361 428 649 370 580 261 117 488 19 835 696 540 90
139 107 284 708 678 867 578 605 489 858 498 527 189 937 212 513 850 374 789 277 778 845 261 709 243 60 457 766
379 329 532 798 694 939 814 842 732 1041 617 706 364 1150 153 549 1058 623 804 281 828 966 464 834 462 308 416 912
214 333 331 457 438 614 503 709 578 665 251 332 84 789 234 272 694 404 547 154 527 604 148 468 435 239 282 538
374 487 250 604 740 749 65 418 313 460 441 280 406 452 647 616 383 187 815 601 736 616 305 517 451 453 711 498
563 712 556 203 409 324 427 844 728 261 206 166 480 455 666 373 362 557 443 553 341 197 416 91 755 630 544 99
501 483 369 1016 1104 1170 467 49 133 888 819 699 620 821 788 951 781 318 1197 815 1137 1053 568 945 349 532 978 937
498 641 534 142 279 304 495 868 743 412 81 199 391 600 541 222 505 559 340 420 261 273 356 140 710 552 394 229
278 408 370 375 374 533 487 744 612 600 170 274 153 738 302 212 642 430 478 197 450 522 171 387 500 315 272 461
798 935 712 578 801 633 418 831 761 147 584 433 769 83 998 768 88 660 815 905 704 440 674 457 920 878 931 358
257 352 112 657 753 812 205 352 225 588 462 344 326 595 553 608 524 50 842 531 778 705 240 590 308 331 668 593
356 499 405 280 346 442 435 759 629 483 63 172 250 635 423 217 537 443 435 313 380 407 217 271 571 410 344 340
535 640 400 689 856 816 103 440 377 430 562 381 569 346 811 749 307 321 918 761 827 656 467 584 584 613 860 536
205 353 242 442 498 604 351 606 475 546 227 213 139 648 374 348 555 289 594 306 545 546 58 412 410 272 415 457
204 291 52 669 747 828 265 358 226 636 465 369 288 653 504 596 579 46 841 493 784 733 216 612 252 273 640 624
798 946 802 221 429 181 652 1082 970 322 396 412 702 542 853 486 475 802 398 728 287 48 651 182 998 860 664 165
452 398 604 840 720 976 885 910 802 1102 669 769 431 1217 205 584 1124 695 828 324 860 1015 533 884 530 381 436 966
232 381 251 426 498 588 327 605 474 513 216 181 172 615 406 353 521 288 590 334 535 521 86 389 430 302 434 429
565 656 686 391 198 481 797 1064 932 787 348 531 437 973 387 155 877 752 297 278 353 585 492 487 777 568 103 590
211 211 368 670 610 823 639 708 588 874 471 538 191 975 106 448 884 459 722 189 723 824 289 689 349 153 366 758
284 286 160 832 899 992 377 235 118 782 626 533 403 768 575 742 706 145 997 597 945 897 359 777 173 320 762 786
592 728 647 76 168 215 623 992 865 490 180 327 472 695 575 190 604 680 213 447 138 269 459 178 811 636 367 282
751 899 728 290 518 314 535 974 870 178 392 342 673 398 857 532 331 714 510 740 397 121 604 188 933 820 710 95
454 474 303 910 1014 1061 344 98 69 764 722 589 559 697 754 868 656 231 1102 762 1035 937 491 833 356 502 915 819
618 765 577 328 544 418 372 810 707 132 328 210 559 319 768 507 229 555 570 664 462 244 477 207 785 693 673 128
234 359 340 427 416 585 492 718 585 638 221 306 105 767 260 252 671 408 523 170 500 573 148 437 456 265 279 508
169 263 313 539 507 695 534 685 556 736 333 400 68 847 176 340 754 396 617 145 604 686 170 550 378 171 312 617
321 346 174 819 903 976 320 204 72 734 620 508 429 707 621 751 650 119 997 630 938 869 369 754 242 369 787 755
470 618 449 291 465 429 324 733 616 284 196 60 403 434 614 389 336 445 519 513 428 308 326 198 651 542 541 199
896 1037 819 595 823 619 533 949 878 181 641 511 857 179 1077 812 204 771 821 976 708 429 766 480 1029 975 984 376
756 880 831 221 121 201 822 1186 1057 646 371 526 628 863 670 280 777 871 25 545 89 370 635 342 978 787 405 435
485 615 560 195 181 339 593 922 791 550 123 307 360 736 450 84 640 605 276 322 244 378 363 260 707 522 261 360
475 623 454 288 464 425 328 737 621 281 197 65 407 433 617 389 335 450 517 515 425 303 330 193 656 547 542 194
435 543 544 331 229 462 648 920 788 675 217 392 304 847 328 71 750 606 341 200 350 516 347 397 654 451 129 494
298 415 181 588 703 740 141 418 299 502 406 268 333 519 573 568 443 137 785 531 714 624 234 513 388 377 650 510
820 966 771 430 658 448 528 967 877 107 506 412 759 290 962 663 249 741 651 852 538 258 679 321 981 895 839 218
503 586 352 763 911 898 147 330 275 538 612 442 561 454 795 789 417 263 982 762 898 748 465 665 511 575 881 628
648 753 752 317 93 376 817 1125 993 741 348 531 517 943 504 172 849 809 175 387 247 506 553 430 867 662 224 534
733 881 703 309 538 347 501 940 838 141 390 322 660 363 852 541 293 685 537 738 424 154 588 199 910 804 718 97
479 627 497 188 346 343 432 817 694 361 100 137 385 539 561 279 443 513 404 446 319 272 333 137 683 541 443 200
471 540 610 488 332 603 775 986 856 840 381 545 355 1006 249 223 909 687 437 160 479 678 433 563 670 459 47 661
678 800 564 648 849 744 250 630 570 287 581 400 682 153 923 775 135 497 889 850 785 562 579 529 762 759 916 453
717 861 655 435 658 496 401 839 750 19 453 322 670 213 887 631 141 619 673 786 562 305 582 314 866 795 798 216
425 563 487 217 262 376 512 844 714 502 46 231 307 675 439 147 578 528 350 317 301 373 294 242 645 471 302 330
854 994 777 569 796 604 492 910 838 145 605 471 816 153 1037 780 164 729 800 938 687 412 724 452 986 933 949 349
401 370 287 957 1026 1115 461 152 117 878 752 652 525 839 679 868 788 260 1123 713 1071 1013 485 897 235 424 882 900
414 554 468 223 287 384 485 821 692 482 21 204 300 651 447 174 554 506 372 328 318 368 279 234 631 463 325 316
410 360 563 810 699 949 843 873 763 1064 635 729 390 1176 169 558 1084 653 808 293 835 982 491 850 493 339 417 930
178 188 98 766 812 927 396 343 223 769 552 487 303 787 468 651 715 149 914 492 870 849 274 723 117 212 659 745
189 273 34 674 747 834 282 361 229 650 468 378 278 670 491 593 596 58 842 483 787 742 211 620 236 257 633 634
357 344 233 900 972 1058 409 169 82 825 696 594 478 793 644 815 738 203 1069 670 1015 956 432 839 216 388 836 844
206 187 137 805 848 967 426 329 217 807 591 527 334 819 484 685 749 179 950 517 908 889 312 763 87 228 687 785
550 562 400 995 1107 1143 407 73 160 818 813 672 656 728 849 963 698 327 1193 859 1123 1010 587 913 437 595 1012 891
794 943 781 277 498 266 601 1038 932 241 415 392 709 458 880 534 396 772 477 759 365 85 648 199 983 861 714 134
276 290 434 645 561 791 687 783 661 887 460 553 222 1004 27 406 911 523 673 135 685 811 325 677 428 228 301 755
155 160 105 758 796 920 414 371 252 778 543 488 283 803 440 634 729 170 899 467 859 848 263 719 105 184 636 746
833 964 893 231 228 129 846 1234 1108 614 426 555 709 835 772 375 756 924 131 645 107 321 703 335 1053 871 513 410
324 440 431 371 329 522 557 808 676 644 192 330 194 795 276 162 698 496 438 155 425 536 236 405 545 347 202 489
686 803 565 688 886 786 250 605 553 329 614 430 698 179 940 808 176 493 928 872 825 605 594 570 758 767 944 495
783 929 800 172 367 115 676 1098 982 377 370 416 680 599 815 437 527 808 331 689 221 81 638 172 989 841 613 194
363 511 376 302 415 462 354 707 581 413 116 87 280 552 485 301 455 397 492 386 422 388 216 256 562 429 431 300
783 901 867 283 132 260 875 1228 1098 710 416 579 654 927 673 298 840 912 42 551 154 434 670 405 1005 809 397 499
124 272 175 523 565 686 363 551 419 614 307 287 105 696 346 407 607 241 665 307 622 628 26 495 327 197 445 537
570 683 669 269 94 363 731 1040 909 676 264 448 440 871 455 87 776 724 206 331 238 463 470 370 791 590 195 474
361 510 362 322 443 479 325 684 559 397 145 63 289 527 503 331 431 377 519 408 446 394 215 266 554 431 459 299
256 233 166 842 892 1003 425 280 175 820 630 554 383 818 535 731 753 183 994 567 948 918 354 794 112 279 737 811
295 328 146 794 876 951 310 231 99 719 593 485 402 700 596 723 639 94 970 603 912 847 341 731 232 345 760 734
196 146 167 816 846 978 469 367 261 840 600 550 326 860 453 682 788 222 951 496 914 910 319 780 43 200 671 809
427 420 585 718 587 848 836 927 808 1009 561 681 369 1141 128 457 1045 675 694 214 730 898 472 771 559 373 302 858
135 222 286 573 547 731 526 653 525 751 365 416 68 853 183 381 761 372 657 178 642 715 168 579 338 130 350 642
570 704 631 105 156 243 621 981 852 508 166 325 448 710 546 160 617 667 216 417 156 297 439 199 790 612 337 303
288 413 188 556 670 709 156 450 328 486 373 237 311 517 553 536 438 158 752 506 681 596 210 483 398 369 621 483
175 136 323 718 675 874 615 642 527 885 510 552 207 970 182 511 881 414 787 262 781 861 289 725 275 99 442 786
707 847 748 71 234 91 678 1075 952 458 287 391 592 676 702 312 593 770 213 574 100 183 568 165 922 756 483 248
639 743 503 742 924 855 203 499 457 424 637 452 670 289 912 828 278 423 977 858 880 682 567 629 682 717 950 566
266 415 274 402 488 563 313 617 488 479 198 146 206 584 436 351 490 302 576 358 516 489 121 359 460 337 446 395
156 220 312 594 555 750 560 673 547 784 388 448 101 887 151 390 795 399 666 165 657 740 202 604 344 133 342 671
387 508 483 308 263 455 575 856 724 614 154 320 258 779 336 99 682 541 371 209 356 481 284 354 609 415 196 444
808 952 832 181 350 76 719 1137 1020 423 390 453 700 645 824 437 574 844 301 697 197 128 665 207 1018 863 609 240
98 208 63 639 687 801 349 439 308 676 425 373 192 723 399 527 642 150 787 394 743 730 147 601 219 172 551 630
507 613 615 315 169 427 705 990 858 695 253 436 376 879 380 60 782 676 281 256 306 507 417 400 726 522 129 502
407 514 519 349 258 485 634 896 764 678 218 386 277 845 302 97 748 583 370 174 376 531 323 409 626 422 130 503
269 206 215 882 918 1044 492 315 229 882 667 606 399 885 521 754 818 247 1022 569 983 968 387 841 68 272 744 864
397 508 270 616 757 758 45 416 316 454 458 293 430 436 671 635 370 203 830 624 749 621 328 526 467 475 733 502
503 633 405 527 704 651 125 566 474 295 418 233 498 298 739 611 219 353 759 667 665 493 396 419 612 584 740 373
735 883 732 202 426 218 579 1009 897 269 343 342 643 491 807 458 417 730 414 685 300 28 588 126 930 799 637 92
541 686 569 113 292 269 504 893 770 378 129 211 438 574 591 260 481 588 336 469 245 223 397 90 751 598 436 184
224 321 81 650 737 808 233 365 235 604 451 345 296 621 521 589 547 49 829 502 769 708 215 589 284 298 643 598
680 795 556 696 891 796 241 590 539 342 616 432 693 195 936 810 191 482 935 870 833 616 590 578 747 760 945 505
237 154 374 784 730 938 676 666 558 955 579 623 277 1036 205 568 949 463 842 309 842 930 358 794 286 157 483 856
637 785 603 304 524 386 407 844 739 138 325 227 572 341 775 497 254 585 544 667 435 209 494 182 810 711 667 94
578 675 437 739 909 862 154 432 384 460 615 434 617 351 858 802 326 353 969 811 877 698 516 632 611 654 913 580
122 262 117 566 621 728 324 491 358 615 353 303 158 678 390 465 593 180 719 363 671 658 82 528 291 203 505 560
497 518 345 937 1048 1086 355 90 113 772 754 614 600 693 798 904 657 269 1134 804 1064 956 529 856 399 546 955 837
795 942 744 427 655 456 499 938 848 78 491 389 737 269 944 653 223 713 653 835 540 264 655 315 954 871 827 211
292 371 137 702 802 856 207 304 180 611 510 386 370 600 592 658 535 48 890 576 825 744 289 632 309 361 717 629
