2
5
8
20
230
100000
20000
100
40
300
0 1 
1 0 
0 1 
1 0 
1 0 
1 0 
0 1 
1 0 
22520 16920 48360 28360 31040 24280 34640
29880 38880 3840 24200 16120 21360 21160
35320 12800 35400 36040 18920 18680 39520
24000 5360 37480 26880 18880 13600 31960
10240 21680 27640 10760 13640 7920 15600
27120 20640 21280 25440 4880 9240 27280
15840 26880 19000 12080 9200 8680 13280
8680 29400 25000 4240 16720 13560 7920
34560 35240 9120 30120 13880 20720 28720
26640 4880 43120 30520 24520 19040 36040
2720 30040 36440 9080 25880 20400 14960
14880 16080 39640 20000 23040 16120 26120
8800 25040 26280 7640 14560 10040 12280
27200 11520 30320 27760 12200 10480 31360
27880 2520 38800 30520 20200 15960 35360
17440 20440 46080 23680 29960 23040 30000
22120 9120 33000 24000 14400 9240 28600
20760 22920 50240 27240 34080 27200 33520
14160 36760 22440 7440 20680 19680 2400
30920 29040 13800 27440 8400 15280 27320
295 697 435 300 893 464 340 562 467 825 278 85 425 376 532 613 741 209 673 369 506 159 84 517 94 598 790 586
452 856 608 344 955 625 507 579 339 983 398 114 507 549 659 699 913 40 689 328 590 332 116 428 227 488 888 758
569 644 605 44 580 462 407 219 373 754 601 297 164 488 374 341 780 373 330 150 237 411 394 314 261 419 534 649
751 889 828 271 688 708 643 286 176 996 749 392 395 719 612 529 1026 375 366 111 448 593 481 67 425 172 712 893
1034 621 934 674 111 674 754 493 955 622 1125 924 516 818 469 326 832 1019 428 753 433 920 1012 829 845 909 182 810
616 556 606 160 454 412 396 170 496 654 673 414 60 480 270 204 717 505 261 272 104 469 506 412 350 514 397 604
129 474 126 463 904 266 159 691 756 599 249 386 478 115 445 611 457 518 788 603 531 149 374 773 299 868 737 304
359 549 405 168 710 327 230 416 489 674 404 200 241 300 348 425 637 335 521 310 320 203 269 483 97 582 600 490
567 751 646 125 699 549 470 311 258 867 571 223 294 542 495 472 867 258 419 76 369 408 320 242 241 340 665 726
554 656 599 32 607 467 405 243 357 768 582 272 186 484 391 366 786 346 354 137 261 395 369 307 241 411 559 652
249 830 455 561 1142 607 481 824 664 956 128 323 673 470 738 853 808 363 934 619 751 268 229 747 348 813 1018 659
737 459 664 378 281 415 466 282 709 523 820 618 210 540 202 18 657 722 292 489 127 614 704 606 536 703 175 586
739 306 616 513 362 357 454 470 874 344 842 717 341 507 178 200 517 840 479 649 273 648 789 783 618 883 145 484
880 1103 993 474 891 909 828 501 117 1213 848 499 616 897 831 753 1227 416 564 309 671 733 563 162 571 90 934 1086
516 199 311 713 861 276 364 840 1079 261 643 757 619 319 436 629 46 898 900 879 617 547 771 1050 649 1155 644 108
291 316 103 539 852 167 165 721 879 434 418 534 494 92 381 574 280 673 803 698 522 314 539 871 431 973 658 127
486 426 451 205 536 254 240 329 586 538 562 384 102 324 170 243 567 508 413 367 150 355 459 532 287 636 410 446
874 608 816 446 166 571 614 248 710 658 947 703 309 691 360 163 811 786 196 510 238 740 796 586 638 669 219 744
714 906 808 277 755 712 634 350 115 1018 700 342 424 707 638 577 1030 306 438 113 486 559 424 93 392 178 765 891
744 1014 867 387 892 806 714 488 38 1130 706 363 549 779 757 711 1121 273 573 239 616 601 421 181 445 192 900 975
390 420 364 228 630 210 156 411 597 543 469 334 190 240 220 336 528 469 502 393 246 263 395 566 226 669 492 392
595 752 666 122 671 557 484 278 259 866 603 258 281 559 489 452 876 291 386 49 352 436 355 223 269 324 645 738
204 526 270 325 830 294 166 569 608 655 268 247 374 196 408 537 561 385 672 456 442 63 258 625 151 719 691 407
523 900 673 346 948 673 559 560 270 1025 471 164 517 607 687 706 968 32 666 295 599 397 188 371 274 423 898 815
902 817 909 382 403 708 699 133 487 894 940 620 360 783 533 365 1000 655 85 344 348 746 718 345 599 409 497 899
550 904 693 332 927 680 570 534 234 1028 503 180 505 622 682 692 980 67 639 266 585 418 218 334 285 386 884 828
897 535 808 532 135 551 620 374 831 564 984 780 372 689 339 182 746 878 331 622 289 778 868 713 701 800 97 703
85 659 245 607 1102 467 363 857 825 776 118 444 659 313 649 808 594 542 960 718 721 239 385 874 401 958 940 458
847 766 852 331 395 652 642 76 474 846 888 574 303 726 480 319 946 618 69 310 294 692 673 339 548 414 465 843
859 999 942 387 741 823 759 357 175 1103 849 490 502 835 718 619 1141 448 413 226 547 703 573 56 535 69 793 1008
483 210 277 690 862 255 336 826 1053 285 610 728 603 287 427 623 78 868 889 856 605 515 740 1028 620 1132 647 77
744 144 561 724 634 368 497 750 1104 57 868 864 574 503 358 488 301 1002 773 882 531 715 911 1036 753 1140 415 359
577 186 443 465 521 186 296 515 845 281 688 619 319 339 103 281 376 753 559 624 288 505 676 781 510 885 315 316
532 386 473 258 486 248 267 332 636 491 616 450 113 346 111 191 546 572 402 414 119 410 524 571 352 676 348 439
656 825 738 196 700 632 558 297 191 937 654 299 345 633 557 504 951 298 395 33 410 499 391 150 331 249 695 813
369 633 455 173 765 408 302 436 425 758 386 118 298 363 430 489 712 250 546 274 381 210 197 439 44 533 671 562
109 629 281 437 970 405 278 693 654 756 128 272 511 270 544 677 622 383 800 542 581 78 229 698 227 784 830 470
615 310 517 382 423 260 333 393 754 394 712 576 217 398 48 158 500 700 434 529 169 513 648 676 476 779 244 426
930 720 895 453 218 661 686 206 654 775 990 711 355 767 458 261 919 775 111 477 303 785 809 519 663 591 336 842
678 862 766 232 729 667 591 324 154 974 669 311 382 664 595 540 986 293 418 70 447 522 399 125 354 219 729 846
1074 677 981 692 90 722 796 493 954 680 1161 946 541 863 513 357 888 1035 417 760 460 955 1036 824 872 899 233 863
644 150 442 764 805 338 453 850 1141 139 771 847 644 426 437 611 114 989 894 930 623 655 873 1096 736 1201 584 230
816 271 661 663 450 420 539 627 1030 245 930 851 495 573 303 357 471 979 628 805 430 750 915 942 746 1041 237 488
672 452 611 309 347 372 408 254 653 532 751 546 138 485 172 55 640 652 292 430 56 544 631 559 463 659 243 554
180 776 366 649 1185 576 463 909 813 896 92 446 728 424 745 890 715 515 1016 738 797 295 367 881 433 956 1035 579
777 914 855 298 697 735 670 298 172 1020 774 416 419 747 635 548 1053 393 372 139 469 620 504 43 452 147 728 920
845 995 931 379 749 815 749 362 157 1100 833 475 498 825 715 620 1134 431 422 216 546 689 556 43 522 67 797 1000
818 837 856 294 534 690 654 153 338 930 839 499 342 736 549 422 1000 516 208 207 366 659 596 200 499 277 588 882
245 639 372 306 876 406 280 567 520 767 252 142 407 312 491 589 678 272 676 401 485 98 142 558 89 645 759 523
331 531 374 199 725 305 202 442 518 657 382 211 258 270 344 436 611 350 547 341 334 178 270 514 101 613 606 463
659 203 521 514 468 266 377 525 889 263 770 687 354 420 144 267 411 818 553 665 305 585 749 814 581 917 253 377
984 797 960 489 266 733 750 228 642 854 1037 742 413 833 532 338 996 793 117 486 369 835 840 501 704 562 411 916
551 170 413 467 551 157 272 532 847 276 664 608 329 311 119 306 352 744 581 628 305 485 662 788 498 893 346 286
895 455 780 599 228 520 610 480 926 462 993 831 428 668 326 240 666 941 451 709 346 793 912 816 740 908 47 646
141 727 347 527 1079 509 385 788 693 852 37 322 616 366 655 786 700 400 896 612 688 187 247 757 310 834 941 552
293 506 330 242 745 276 165 480 559 634 354 235 285 228 343 453 575 376 582 386 355 147 279 558 123 657 616 425
450 736 558 185 797 514 411 430 321 859 441 88 349 471 515 541 821 164 541 208 432 297 186 355 135 440 731 671
484 329 408 301 539 176 207 403 682 442 577 455 180 282 95 248 477 587 474 464 190 377 520 627 350 732 378 366
540 253 431 388 511 173 256 452 769 357 644 548 246 314 44 242 426 680 506 548 226 452 609 706 441 811 324 340
599 785 682 156 708 585 506 311 224 900 599 246 319 579 525 491 903 262 416 51 391 442 340 206 274 303 684 763
474 396 427 234 545 224 218 357 615 510 556 399 129 300 149 250 536 526 438 397 166 350 469 562 297 667 407 416
551 306 459 343 480 209 269 398 722 407 647 521 194 337 27 199 479 648 454 500 172 448 588 655 417 760 309 388
886 699 856 407 251 628 647 161 615 761 945 665 312 729 429 237 894 729 78 433 265 741 762 483 617 559 339 812
151 739 326 646 1167 544 436 903 830 857 99 457 715 391 720 872 673 536 1009 743 781 284 384 892 433 970 1011 539
809 793 834 284 482 655 628 100 385 883 838 509 304 712 505 369 961 540 157 230 319 651 608 252 496 333 533 848
635 66 464 609 603 249 378 657 989 135 756 742 466 391 250 408 277 880 693 769 432 596 789 928 631 1032 383 280
843 860 882 320 540 715 680 171 341 952 863 521 367 762 572 440 1025 533 212 227 388 684 617 200 523 269 602 907
868 911 917 351 589 760 718 225 309 1004 880 531 415 800 623 495 1071 528 262 234 440 708 625 164 544 220 657 951
820 984 909 363 759 800 730 366 131 1091 806 448 490 805 707 619 1119 401 433 198 541 665 528 28 497 78 799 983
736 141 545 753 687 374 501 793 1134 13 861 880 609 499 392 534 259 1019 820 914 570 717 921 1071 767 1175 468 337
559 181 424 460 538 167 278 520 840 284 670 607 319 320 106 292 365 742 568 620 293 488 662 779 497 884 334 300
626 661 653 103 534 494 451 160 378 765 661 353 164 534 381 316 809 419 271 155 222 469 451 297 320 401 507 684
695 175 542 578 495 299 419 586 954 207 810 746 419 452 208 323 387 879 608 730 369 632 805 879 638 981 274 378
669 193 527 533 476 275 389 543 909 245 782 705 374 429 164 284 403 836 569 685 324 599 766 834 598 936 258 376
559 887 694 302 891 666 560 497 211 1010 520 181 475 616 658 660 971 96 601 229 555 422 235 301 277 358 853 820
730 863 803 245 673 682 617 270 192 970 730 375 369 694 586 507 1000 367 355 87 423 571 466 93 404 198 691 867
151 662 326 421 974 434 306 681 616 790 136 235 509 307 560 682 664 340 789 514 583 90 185 667 205 749 842 510
502 121 341 515 645 115 244 613 894 248 622 619 398 258 205 399 263 759 668 680 387 462 660 847 507 952 437 192
744 148 555 756 681 380 508 792 1137 22 869 885 610 507 394 532 270 1024 817 916 570 725 927 1072 773 1176 463 347
1051 777 1000 589 148 755 796 343 781 813 1117 848 478 874 543 346 985 913 241 612 415 911 944 642 796 705 346 925
761 732 778 239 459 595 570 55 407 823 796 479 243 654 444 316 900 525 151 221 259 604 578 284 455 375 488 787
408 786 551 288 900 556 439 536 359 913 372 45 445 484 591 638 847 97 646 302 528 275 92 426 157 499 825 693
663 651 677 150 482 499 470 113 416 749 704 405 152 553 365 275 809 472 222 199 191 508 503 320 366 422 464 691
276 561 349 248 789 329 210 501 530 688 318 184 323 262 398 500 620 326 607 374 398 118 222 543 76 638 667 467
354 315 264 359 680 85 70 525 724 442 460 427 297 138 216 391 399 567 606 524 328 278 466 697 314 800 507 261
799 432 702 480 244 444 518 377 813 471 891 714 309 584 234 122 640 823 367 594 227 688 796 708 626 802 72 594
806 735 811 290 406 614 602 36 459 818 847 537 264 686 447 296 911 586 91 281 261 651 636 329 508 412 454 806
419 795 561 289 902 565 449 534 349 922 382 54 448 495 597 641 857 87 645 297 532 286 99 418 166 490 829 703
936 549 841 580 121 582 657 418 877 567 1026 827 419 723 373 228 760 926 369 669 336 821 914 757 747 842 100 726
444 834 594 320 932 605 487 558 335 961 397 93 483 532 636 675 895 50 667 310 566 319 112 417 205 481 864 741
458 810 594 274 884 584 471 509 308 936 423 81 439 522 601 631 882 75 618 262 522 321 141 377 186 448 821 729
380 322 299 332 648 104 98 490 702 448 481 420 262 172 189 358 423 559 571 498 293 290 466 670 307 774 480 290
677 863 766 234 732 668 591 327 151 976 668 310 385 664 597 542 987 290 421 72 449 521 397 126 354 219 732 847
418 754 544 237 850 527 415 486 344 880 397 39 396 468 548 588 826 128 597 260 479 274 131 396 130 475 777 674
465 188 263 651 828 215 301 786 1016 279 593 694 562 257 388 585 109 835 849 816 565 487 710 989 586 1093 615 51
219 478 245 329 801 246 118 561 636 607 302 287 355 155 367 507 517 427 660 471 417 105 305 643 183 740 654 363
904 1036 987 429 752 864 802 380 206 1138 894 535 538 879 753 646 1181 489 425 271 578 748 617 101 580 64 816 1050
883 831 900 358 447 709 692 131 439 913 915 587 358 776 544 387 1008 615 123 304 357 725 685 298 573 362 531 901
794 852 844 277 585 693 647 192 284 950 808 461 353 728 566 454 1007 468 259 165 388 634 556 149 471 235 628 883
516 513 512 123 537 338 304 264 501 624 575 341 68 388 246 259 654 451 361 281 151 370 427 444 262 549 445 529
587 931 729 344 928 708 601 531 200 1054 540 216 518 655 702 702 1012 103 633 260 597 455 256 309 317 354 895 860
754 850 816 250 627 679 623 226 237 953 762 411 352 703 568 474 996 413 306 115 398 595 505 116 429 215 655 867
518 403 468 236 501 253 259 325 615 511 598 426 100 341 133 207 557 548 401 394 123 392 501 553 329 658 369 444
112 575 242 413 926 350 224 664 661 702 175 282 472 218 493 632 575 406 768 532 539 48 257 694 215 784 780 421
520 193 314 711 855 274 364 837 1078 255 647 758 616 320 432 625 46 898 896 877 613 549 772 1049 649 1153 638 110
508 200 302 706 859 269 356 835 1071 266 635 749 614 310 432 626 55 890 895 872 612 539 763 1043 641 1148 643 100
1027 774 982 558 172 741 777 308 744 816 1091 816 453 856 531 333 980 878 204 577 394 886 913 605 766 668 353 915
674 745 720 153 576 574 523 175 305 849 695 361 248 604 465 387 890 398 279 96 301 514 459 213 354 317 574 763
537 586 558 56 563 405 356 236 428 697 581 305 117 438 319 305 722 399 343 207 197 382 399 372 248 477 496 593
620 58 428 684 718 273 397 760 1063 104 745 785 557 386 346 519 169 926 802 848 533 609 819 1013 673 1117 497 220
550 333 468 318 474 224 272 373 696 434 642 502 167 344 51 186 503 628 432 473 148 441 572 629 401 733 313 407
576 69 409 563 616 189 318 632 944 183 697 686 429 332 218 395 266 825 676 726 404 536 730 888 574 992 400 238
904 809 907 386 387 703 697 132 500 884 943 626 357 781 525 354 993 664 72 354 342 749 725 360 603 424 483 894
660 296 550 433 399 290 375 423 802 365 760 632 265 435 93 166 497 755 451 577 207 564 702 720 531 821 203 439
948 590 863 565 79 606 673 384 845 613 1032 817 411 743 394 227 800 910 326 642 330 826 907 721 742 803 145 759
746 883 822 266 685 702 637 283 179 990 744 388 389 714 606 525 1021 372 364 106 442 588 477 72 420 177 708 887
1093 737 1015 675 75 759 821 454 908 751 1172 933 538 893 546 368 948 1013 365 725 462 965 1027 773 868 841 288 911
622 604 629 127 485 449 421 151 444 705 669 386 105 505 321 252 760 468 255 220 157 469 482 359 335 462 444 641
470 360 408 269 549 192 201 386 649 475 558 423 159 281 125 255 501 553 463 433 183 355 489 598 318 703 399 384
665 389 584 357 357 334 389 323 714 464 754 579 184 461 121 77 582 693 355 489 113 549 658 625 487 725 209 506
339 294 226 403 713 63 66 570 764 423 452 454 342 105 244 428 359 596 650 567 370 284 486 740 343 844 533 217
817 921 885 321 664 751 695 275 217 1023 818 462 422 773 638 535 1068 444 337 174 464 658 552 73 491 153 710 939
685 85 504 678 637 309 438 720 1059 67 809 809 534 444 317 465 264 948 750 838 496 656 854 996 697 1100 416 305
301 299 139 493 804 121 121 671 840 423 425 505 443 67 333 524 300 645 751 653 471 296 518 827 398 929 614 145
569 59 399 570 632 186 315 644 951 180 690 688 440 325 231 410 250 827 690 734 417 533 730 897 575 1002 416 223
883 1021 966 411 750 846 782 373 187 1124 871 513 523 859 739 636 1164 468 423 250 566 727 594 79 559 59 808 1032
201 797 406 588 1150 582 459 851 723 921 74 366 685 437 730 859 760 423 960 661 760 261 279 797 371 868 1015 616
480 383 426 247 538 216 218 363 628 496 564 413 135 299 135 244 526 540 441 410 165 359 482 575 311 680 396 408
634 735 688 121 608 554 495 212 293 843 652 317 245 574 461 401 872 358 319 70 308 474 415 222 312 326 592 740
480 476 467 153 557 294 259 308 534 590 546 339 94 343 222 270 610 459 401 317 166 339 419 484 249 589 448 484
687 137 525 606 539 293 418 626 984 163 805 762 452 443 237 366 346 897 652 761 406 635 816 913 652 1016 318 350
746 248 603 576 426 352 464 551 945 266 857 765 408 506 217 282 459 892 562 720 347 671 830 859 660 960 205 448
1006 596 906 649 111 646 725 475 936 601 1097 898 490 790 440 299 807 995 415 732 407 892 986 813 818 894 154 783
851 748 848 340 366 642 638 78 502 825 896 589 297 722 464 297 932 638 41 332 280 698 688 368 557 444 437 832
621 734 678 114 620 549 487 226 288 843 638 302 248 566 462 409 868 343 334 63 313 462 400 225 299 329 601 734
522 870 661 303 904 645 536 515 251 994 481 148 475 588 649 664 946 60 621 252 556 388 195 338 250 398 856 794
661 122 500 586 547 266 391 616 966 170 778 738 435 416 219 360 333 873 646 743 393 608 791 897 628 1001 327 327
971 659 903 548 68 652 705 336 796 691 1047 806 411 779 438 249 867 887 260 604 337 840 899 666 741 742 224 815
247 847 441 672 1229 641 523 934 798 968 132 448 766 491 800 936 791 497 1043 745 839 337 359 878 455 946 1088 654
590 591 600 101 510 427 393 183 441 696 637 359 95 477 312 265 741 446 288 217 162 437 454 366 304 471 458 618
292 564 363 232 778 334 218 486 516 692 332 178 311 273 394 490 629 319 592 359 387 134 223 528 66 623 660 477
552 790 651 178 763 579 489 373 231 909 543 185 350 556 544 533 894 197 480 117 428 398 276 252 232 339 726 749
322 484 340 226 711 258 158 454 562 611 388 257 253 230 309 419 565 396 554 378 321 181 309 552 145 652 581 418
324 323 117 615 907 228 242 795 954 428 450 603 567 167 440 636 236 740 874 774 591 375 602 948 503 1049 706 103
1099 788 1037 652 124 786 837 412 854 812 1171 911 531 912 572 382 998 980 312 683 462 964 1007 715 855 777 343 949
264 612 370 273 838 380 257 533 512 741 284 144 369 298 455 551 661 283 641 379 447 106 168 540 62 630 722 507
757 172 563 791 720 404 531 832 1172 47 883 913 648 524 431 572 257 1053 858 952 609 746 952 1110 801 1214 502 352
356 429 338 240 665 208 133 439 600 554 435 316 222 216 248 371 523 454 533 403 280 229 371 576 205 679 525 382
557 528 549 130 503 366 341 225 497 634 614 369 43 425 251 233 678 471 321 273 124 410 458 428 297 533 424 558
794 500 721 417 224 470 523 284 729 554 875 664 256 597 257 70 703 762 272 514 173 669 752 618 585 711 152 638
749 511 691 351 275 449 487 227 664 578 825 600 194 565 243 49 706 696 236 447 115 618 690 557 525 651 215 627
214 727 397 424 1002 498 369 686 573 856 158 202 533 376 608 715 735 284 796 495 611 151 128 636 208 713 883 581
529 177 325 707 841 270 365 828 1076 239 656 759 609 324 421 613 48 900 885 873 604 554 776 1044 650 1149 623 116
823 346 692 592 335 435 538 522 944 352 928 803 419 588 265 256 557 924 514 721 345 735 876 847 704 944 118 544
988 630 905 595 38 649 714 400 862 650 1071 849 446 785 436 265 841 938 331 664 366 865 940 734 777 812 183 801
875 924 927 360 601 771 728 239 303 1018 885 535 427 810 636 508 1084 528 275 239 454 715 628 157 550 209 671 962
221 705 392 388 966 474 345 651 551 834 184 174 498 359 576 680 722 270 761 464 576 130 114 609 172 687 849 567
735 585 706 277 335 486 496 124 561 665 796 535 160 579 301 145 769 617 164 350 120 591 629 451 475 545 319 674
560 115 405 518 588 165 291 587 899 226 677 648 383 316 173 355 302 785 633 680 360 508 696 842 536 946 376 253
568 73 402 557 618 181 310 629 938 190 689 678 425 324 215 395 265 817 674 720 402 528 723 883 566 987 403 232
314 374 260 325 707 142 51 515 678 502 412 369 291 135 256 413 446 510 604 486 337 222 406 660 257 762 546 301
628 698 669 104 572 523 471 185 334 805 654 332 205 552 421 360 840 386 295 111 266 469 430 258 312 362 551 712
478 649 541 65 677 441 360 325 365 767 501 193 227 434 405 418 758 286 436 175 310 319 289 348 159 448 609 617
589 790 677 164 725 587 505 330 220 906 586 231 331 576 534 505 905 243 435 68 404 432 324 214 265 308 698 763
931 764 911 434 284 688 701 174 599 827 983 688 361 783 492 302 959 741 63 435 322 782 786 461 649 528 399 873
332 272 147 536 818 136 167 705 887 391 458 553 477 112 349 545 252 693 783 698 499 342 565 872 446 975 620 97
747 146 562 732 643 372 501 760 1113 49 870 871 583 506 367 498 296 1009 783 891 540 719 916 1045 759 1149 425 359
868 621 816 428 186 575 611 223 685 675 938 686 298 690 365 167 822 766 170 486 231 731 780 560 624 642 243 750
246 412 213 355 774 181 52 566 686 541 347 349 348 101 323 480 454 490 660 508 400 166 371 682 241 782 613 301
511 789 622 202 803 571 472 420 257 911 494 136 375 534 556 562 881 150 528 170 455 360 224 298 200 380 755 733
657 94 462 724 733 316 439 793 1104 77 783 827 593 426 381 547 174 968 831 888 566 651 861 1051 715 1156 512 251
914 1088 1011 468 829 905 835 451 170 1193 892 536 592 909 809 712 1224 471 501 303 639 761 610 131 595 27 887 1088
842 829 870 316 494 693 665 131 382 917 868 534 341 748 541 400 998 557 166 247 355 683 632 243 527 315 558 885
557 803 660 192 775 592 500 384 220 923 544 186 365 566 558 547 906 187 490 123 442 404 274 249 239 333 740 760
701 164 500 793 788 379 498 862 1173 102 828 890 664 478 451 614 172 1031 899 958 636 706 920 1121 778 1226 567 287
583 633 611 64 554 458 410 198 390 741 620 321 145 492 359 317 774 399 308 166 215 426 418 323 281 428 510 647
650 75 457 705 715 301 426 773 1085 75 775 812 574 416 361 527 184 953 811 869 546 639 847 1032 700 1137 494 248
68 655 246 587 1087 458 351 838 804 774 103 423 642 305 637 793 597 521 942 697 705 220 365 853 381 937 928 458
811 589 764 372 239 527 558 187 646 653 880 630 240 637 323 128 786 713 166 440 175 673 723 527 566 615 251 707
619 554 608 164 450 412 398 169 500 652 676 418 59 482 268 200 716 510 259 276 100 472 510 414 354 517 393 604
609 56 417 678 720 265 388 757 1057 114 735 777 552 376 343 518 163 918 800 843 530 600 810 1007 664 1112 500 210
477 412 437 218 543 239 227 344 599 525 556 388 117 310 162 249 552 514 428 381 160 349 461 546 289 651 412 431
125 622 286 417 952 396 268 673 638 749 147 256 491 266 529 659 622 370 780 522 562 60 218 680 207 766 814 468
811 618 774 354 263 543 565 151 611 686 875 612 236 646 344 157 811 690 130 410 182 669 707 490 554 577 290 727
633 180 428 780 841 349 457 876 1155 177 760 852 666 423 463 642 84 994 923 946 649 653 874 1114 742 1219 620 219
317 283 149 502 799 115 133 675 853 406 441 520 447 84 329 522 284 661 754 664 472 314 535 838 413 940 606 130
416 793 559 289 902 564 447 535 351 920 380 52 448 493 596 640 855 89 645 298 531 284 98 420 164 492 828 701
308 802 490 419 1020 570 442 677 503 931 236 165 552 460 657 741 823 203 789 458 634 230 67 582 222 649 919 668
568 768 654 144 718 564 481 327 243 884 568 216 313 552 513 492 881 242 435 80 389 411 311 236 243 331 685 739
773 704 776 261 408 580 567 4 458 790 816 511 229 651 416 273 878 567 113 267 229 619 610 335 478 423 439 772
38 636 245 526 1037 428 312 779 746 759 89 364 587 278 594 743 598 467 884 636 652 160 311 792 320 877 884 453
198 713 380 424 997 484 355 687 585 841 148 210 529 361 598 709 719 298 796 501 606 137 142 645 208 723 875 565
228 384 143 428 815 167 70 632 757 511 345 411 410 31 351 525 396 550 723 582 454 200 421 755 307 855 642 241
425 188 232 587 791 152 238 727 952 300 552 633 502 202 338 536 172 774 794 753 509 432 652 925 524 1029 582 47
895 946 949 382 613 794 751 258 306 1039 904 552 449 832 658 528 1106 542 288 257 475 736 644 162 570 201 688 985
280 377 221 356 744 144 19 554 700 506 384 375 331 97 288 452 430 517 644 514 376 203 404 688 265 790 579 280
534 826 652 235 829 607 507 440 229 948 510 153 408 567 592 594 917 131 547 179 488 387 231 287 230 361 786 767
715 640 711 219 408 513 502 65 476 729 765 477 162 585 352 225 812 547 160 266 166 564 574 366 431 462 405 704
905 712 874 425 242 645 665 177 626 772 964 682 331 747 444 251 909 746 85 447 283 760 780 493 635 566 343 828
985 638 906 583 33 650 712 383 845 662 1066 839 437 784 437 261 849 925 313 648 358 859 930 716 768 794 193 806
945 493 828 643 214 569 660 510 963 490 1043 878 473 718 376 283 703 987 472 748 390 843 960 849 789 938 92 690
689 659 699 178 459 515 491 85 428 754 731 432 164 575 371 266 822 497 195 216 191 534 530 325 394 424 451 707
920 746 897 427 272 672 687 169 604 809 974 682 348 769 475 285 941 738 62 435 307 771 780 468 641 537 382 857
694 426 619 356 325 371 421 294 701 497 779 588 183 495 160 38 620 697 319 478 103 573 671 606 501 704 198 545
95 636 279 456 988 415 290 713 670 763 111 288 529 277 559 694 624 395 819 560 599 96 240 716 245 801 846 472
113 700 319 521 1063 484 362 780 703 825 36 327 602 340 635 770 672 414 888 613 674 171 258 761 305 840 922 524
1009 593 907 657 121 647 728 484 946 596 1101 905 496 792 443 305 805 1002 425 741 413 896 992 822 824 904 155 782
720 137 549 660 570 331 459 678 1039 119 841 812 506 476 291 416 332 948 701 816 460 676 863 968 701 1071 350 360
812 1015 915 387 820 823 745 423 75 1126 788 433 528 816 744 669 1141 368 494 222 585 661 506 86 496 84 852 1002
1019 750 968 560 140 724 764 317 761 788 1086 819 447 842 512 315 957 886 219 588 383 880 915 624 765 690 324 895
664 91 494 621 586 275 403 658 1001 128 784 763 474 420 257 403 299 900 689 780 435 621 811 936 651 1040 365 309
483 631 537 47 655 427 351 310 380 749 511 213 204 427 384 395 745 309 420 181 287 324 308 355 170 457 586 605
673 634 678 170 454 491 470 100 444 730 719 428 140 554 347 248 798 499 205 228 169 520 525 345 383 445 435 684
225 386 37 542 902 222 178 744 864 503 352 504 519 94 431 618 336 639 831 694 557 272 498 867 408 966 715 189
443 182 294 470 664 52 181 591 845 310 561 560 368 199 201 400 289 700 656 636 371 399 598 806 447 910 464 184
365 777 518 320 930 545 423 574 407 905 323 61 468 461 598 660 826 127 685 349 551 242 42 476 155 549 844 671
246 599 350 286 842 366 242 545 532 728 272 164 374 280 450 553 644 301 652 397 451 87 180 559 80 650 721 490
734 308 613 505 361 353 449 463 866 348 837 711 334 503 172 194 518 833 474 642 266 642 783 776 611 876 146 483
778 207 613 676 520 384 509 667 1050 171 897 846 514 534 307 399 401 979 679 826 458 725 903 971 737 1072 303 429
465 738 569 174 785 518 417 415 310 861 457 105 341 480 512 532 827 172 526 191 424 311 202 339 147 426 723 678
242 842 435 672 1227 636 519 934 801 963 129 450 764 486 797 934 785 500 1043 745 837 334 361 880 455 949 1085 648
78 610 194 600 1073 425 329 844 841 727 161 459 639 271 614 780 542 565 945 721 697 237 409 882 404 969 905 407
834 613 789 387 228 552 582 186 647 675 901 645 261 662 348 152 810 725 149 446 199 694 740 525 584 610 262 732
742 966 849 336 817 767 683 414 49 1079 717 362 489 753 701 643 1084 300 497 177 552 591 435 111 428 154 831 942
512 630 558 14 626 434 366 277 379 746 543 244 183 445 374 371 753 333 387 168 264 354 340 341 202 445 563 616
423 701 525 172 783 479 375 427 354 825 423 87 328 436 484 520 785 191 538 224 411 268 185 379 103 468 708 636
660 688 688 135 525 526 486 137 367 790 692 377 189 568 405 324 840 434 247 151 238 502 476 275 351 377 513 717
184 778 366 660 1193 580 469 919 825 897 103 458 737 427 751 898 714 527 1026 749 806 304 379 893 444 968 1042 579
98 638 281 455 988 416 291 712 667 765 111 286 529 279 560 694 626 393 818 558 599 96 237 714 244 798 847 474
155 466 52 557 963 292 221 778 853 582 281 481 558 145 495 674 405 608 871 700 604 241 460 870 397 966 783 264
