2
5
8
20
230
100000
20000
100
40
300
0 1 
0 1 
0 1 
1 0 
0 1 
0 1 
1 0 
1 0 
12600 4760 31400 18520 20080 31080 5280
36320 33440 16280 16080 37080 3360 28600
14440 22800 24440 17960 6320 34080 27800
25200 22720 15960 6960 26640 12960 19200
34600 41240 18920 24720 26760 33120 43840
14880 25080 34560 27520 7160 44000 32080
40880 38880 15120 19520 40480 3240 34520
10560 10520 24680 12120 14320 27400 12800
5720 15800 34800 24720 6320 41280 23400
9240 13120 23960 12560 10360 28920 16920
22680 29080 16600 15280 15720 28680 32040
15640 16200 18840 6240 16520 22200 16600
33000 31720 10440 11560 32520 5280 28320
36640 36200 8360 14920 35080 6160 33200
17960 13560 23600 11120 22200 22120 10280
8720 18800 31720 22840 2040 39520 25640
21800 24480 11280 5040 19000 19440 24960
14920 13120 22040 9120 18000 23280 12640
27640 31280 7280 11080 23040 20040 31880
24360 15480 33400 21840 31160 27800 7280
700 782 644 539 388 954 481 225 795 517 533 463 357 782 497 610 815 572 317 471 368 328 622 727 261 563 101 885
529 590 488 410 190 748 465 143 590 440 433 288 488 687 483 411 666 389 294 268 297 333 418 597 74 357 137 687
758 646 802 381 624 379 643 810 325 970 443 692 951 419 1090 326 177 311 653 463 895 991 494 280 628 431 777 616
518 502 517 218 227 533 426 377 373 594 283 335 616 502 686 171 421 127 321 95 486 565 286 376 191 179 353 561
397 303 440 417 329 270 678 541 112 628 499 356 888 641 761 116 456 224 593 214 580 692 134 482 426 121 600 317
196 118 252 578 299 353 809 494 256 478 655 251 958 829 626 291 658 394 689 291 474 598 98 674 463 208 625 199
274 186 324 512 295 306 755 504 187 533 591 280 927 755 675 218 579 323 646 245 509 630 56 598 439 150 608 231
248 249 261 482 161 443 689 365 307 419 553 148 820 753 553 239 616 318 559 175 376 494 86 608 325 131 485 338
418 304 470 454 387 210 723 599 53 672 537 406 943 659 809 162 459 264 645 273 632 747 175 498 486 181 659 295
647 698 609 372 302 816 361 243 656 552 373 407 372 625 577 461 647 410 187 334 404 415 510 561 126 432 67 787
307 444 231 687 251 750 797 220 626 115 733 173 791 975 232 536 891 581 629 411 90 211 402 854 378 432 440 565
620 570 634 134 370 497 407 523 351 737 216 469 668 379 833 169 273 61 364 215 634 712 358 237 326 250 469 601
535 632 474 557 260 849 583 56 697 349 577 306 525 831 356 536 813 529 409 389 198 193 498 745 221 464 187 742
95 239 40 696 282 581 872 388 485 258 760 165 938 974 412 463 841 542 721 387 301 424 277 832 463 356 582 360
982 974 968 302 648 929 65 666 786 969 220 768 377 317 1004 597 492 491 239 566 825 841 757 375 482 648 470 1025
928 953 898 386 579 987 153 536 831 848 325 694 189 507 857 628 639 537 148 550 698 689 746 525 396 646 318 1026
902 896 889 237 569 864 43 595 718 894 160 689 376 321 934 524 459 420 174 488 752 774 680 343 405 571 407 949
230 76 305 652 405 295 897 598 250 554 732 352 1061 886 706 354 694 461 786 385 569 694 188 727 567 293 730 93
716 767 677 389 371 875 325 297 715 609 374 476 302 620 621 516 668 455 156 396 459 455 577 573 194 495 80 855
764 775 743 224 421 800 171 435 644 735 192 540 353 433 775 441 500 351 50 367 592 616 564 397 249 461 257 842
209 175 246 533 236 390 754 434 272 447 607 199 896 793 589 260 636 355 630 236 427 549 62 642 401 164 562 262
377 448 336 473 68 656 592 145 508 330 518 136 640 760 415 365 691 385 430 222 216 306 304 645 172 279 287 553
469 617 386 815 407 933 875 275 808 135 849 352 796 1100 64 705 1043 737 701 570 136 114 584 994 482 605 479 739
142 209 143 595 209 501 786 367 390 331 662 117 882 870 476 355 733 435 643 285 326 451 173 726 392 248 532 324
763 737 761 57 456 683 222 543 538 811 38 572 515 286 879 349 321 242 227 340 684 734 520 219 332 409 411 780
475 527 441 387 128 681 485 166 524 428 423 237 545 672 492 350 629 338 322 204 296 357 350 569 64 290 202 621
808 786 804 106 493 733 174 564 589 842 31 611 481 272 903 401 347 294 208 385 711 753 569 237 356 459 414 831
958 890 976 273 703 710 396 822 610 1070 260 809 734 72 1152 490 171 397 492 556 954 1014 689 107 610 588 696 897
573 676 509 595 310 899 602 100 747 361 610 350 514 865 345 586 856 576 429 438 213 177 548 784 264 514 198 787
366 219 436 589 451 160 854 660 124 671 671 434 1059 791 819 291 582 397 767 376 662 784 212 630 583 276 755 170
597 649 560 369 252 777 393 208 617 513 381 358 421 635 548 425 638 384 221 292 367 391 464 559 81 389 93 739
638 595 649 103 373 531 374 515 384 741 185 477 637 363 832 197 280 89 332 225 632 706 381 229 313 272 448 630
524 504 526 209 239 525 425 391 366 606 277 345 622 492 699 162 407 113 325 101 500 579 287 363 204 179 365 560
682 640 690 58 406 570 335 535 426 772 140 514 611 323 858 243 267 135 310 264 659 727 426 200 327 317 448 675
667 753 610 545 362 936 505 190 778 481 545 432 393 796 462 597 819 565 337 456 331 293 599 735 250 545 109 858
372 236 435 541 417 176 806 628 88 659 623 411 1013 747 804 243 542 349 720 332 640 760 181 586 541 233 714 209
414 508 359 533 152 738 618 68 592 286 570 182 620 819 346 450 765 464 448 305 149 223 383 712 205 364 264 618
524 433 562 322 390 307 598 589 163 727 404 448 846 516 849 89 325 144 542 236 658 760 254 356 433 188 600 437
483 455 490 248 226 478 476 402 317 591 321 321 672 522 693 117 414 105 377 67 495 583 237 384 233 128 401 508
380 528 297 771 345 847 858 259 726 62 812 273 815 1058 132 635 985 676 686 507 97 162 502 944 449 532 478 649
880 902 852 337 532 933 134 502 778 813 280 648 233 479 830 575 596 483 96 497 664 664 693 484 350 593 289 973
245 392 164 724 283 721 854 293 609 110 776 179 864 1011 260 543 910 601 689 432 164 278 387 883 433 436 510 514
439 594 356 849 427 924 924 322 806 97 888 356 856 1136 57 718 1067 758 750 590 167 176 582 1024 522 615 533 715
306 447 228 705 269 759 815 236 637 98 751 186 806 992 221 551 907 597 646 427 96 213 413 871 396 446 456 568
428 564 350 720 315 859 788 185 728 145 755 272 731 1005 159 615 949 643 614 477 44 91 505 899 388 517 399 685
486 326 563 697 605 90 972 815 214 811 779 585 1198 861 961 416 631 513 901 521 812 935 366 702 732 423 905 224
921 840 947 294 695 631 471 835 544 1062 308 792 807 167 1156 450 86 371 545 539 956 1027 649 105 626 555 732 836
203 47 285 716 441 341 956 622 315 543 795 372 1107 953 697 419 762 526 839 440 575 700 244 794 612 352 770 75
494 336 569 664 590 53 939 801 184 811 745 578 1171 824 961 387 594 481 872 498 806 928 353 665 710 401 883 243
185 190 209 546 209 437 755 398 318 400 618 155 879 814 543 289 667 377 623 240 382 504 101 666 383 185 538 291
970 958 959 279 639 904 76 668 764 967 197 759 403 289 1007 577 462 470 244 552 825 846 741 345 478 631 477 1006
863 753 904 404 708 480 639 884 433 1063 449 784 963 363 1176 418 137 382 677 545 980 1069 596 255 690 526 827 724
112 270 29 747 326 625 916 408 535 231 810 206 968 1027 385 517 895 596 761 439 301 419 331 886 502 410 611 390
468 370 511 379 374 262 651 582 106 692 462 416 884 582 821 100 388 191 583 237 635 743 204 422 446 163 617 371
703 690 696 102 383 676 240 462 524 734 115 501 485 367 799 324 381 226 182 283 605 653 474 290 252 365 337 744
121 157 152 610 251 460 814 418 358 371 681 168 925 878 520 351 728 440 678 303 377 502 156 730 431 249 578 272
364 254 417 476 353 235 737 566 96 623 558 361 940 696 762 175 504 283 648 259 589 706 128 537 469 161 642 259
305 371 272 492 52 594 642 213 452 320 546 68 713 778 430 333 685 374 488 205 238 347 238 651 230 234 362 477
299 270 320 436 186 403 658 398 258 479 509 204 813 700 609 178 556 262 539 139 427 541 60 552 323 71 492 341
303 150 376 625 433 221 882 636 186 619 707 398 1067 842 770 324 641 432 783 383 622 746 198 682 581 285 750 111
491 409 525 318 348 324 588 548 169 685 400 407 823 533 807 49 354 128 521 196 616 718 220 374 397 146 566 424
683 723 649 334 334 818 307 295 658 604 327 445 346 578 631 457 612 395 133 342 456 469 528 521 151 441 109 808
786 830 749 384 439 915 267 372 756 684 354 547 240 587 692 553 661 481 117 445 533 525 634 559 257 545 152 914
317 417 262 564 130 676 686 162 538 238 612 93 714 852 339 425 771 462 522 293 147 260 319 732 265 326 357 532
657 542 703 383 548 291 660 744 221 882 457 605 946 486 1007 246 252 262 642 392 816 918 397 332 576 345 736 513
458 302 541 809 653 224 1078 853 326 799 892 609 1283 989 953 516 763 620 993 599 825 950 419 829 801 499 971 181
579 550 584 152 298 535 388 441 379 665 224 405 614 432 755 177 354 90 310 157 556 630 333 304 242 223 389 597
625 720 563 577 340 925 559 145 770 421 584 395 455 838 400 599 846 577 388 453 273 231 580 767 260 536 155 829
155 72 222 629 328 374 857 512 295 464 706 263 996 881 615 344 709 446 733 338 476 602 149 726 501 259 657 174
329 463 253 681 250 763 784 201 637 122 725 181 772 969 224 540 890 581 615 412 67 190 413 851 367 437 422 583
436 294 501 550 475 113 822 687 65 727 632 476 1048 733 871 265 516 363 749 375 705 824 244 572 587 279 760 243
830 731 866 334 654 488 571 823 418 1013 380 736 893 314 1122 372 74 324 607 491 924 1010 560 190 626 481 759 712
730 729 717 155 397 733 199 447 579 733 138 517 425 391 787 377 433 283 122 319 598 635 514 335 244 407 297 789
761 810 721 400 415 910 303 337 750 649 377 520 258 616 655 549 679 483 145 434 498 487 618 581 237 534 116 897
745 830 688 574 436 1002 493 267 844 549 562 509 333 807 517 657 852 616 337 519 402 349 671 760 308 611 142 934
266 418 184 749 309 750 873 301 639 81 800 208 872 1037 233 573 939 629 706 460 159 266 417 910 452 466 521 539
747 648 785 311 583 418 573 761 337 938 372 660 881 363 1051 294 126 259 584 420 855 945 478 215 571 402 715 631
963 1010 922 508 617 1084 289 526 925 834 454 723 63 643 819 721 770 639 241 622 682 650 813 658 437 722 307 1093
691 582 735 355 561 339 628 751 265 904 425 625 922 440 1025 261 205 256 621 401 831 929 427 288 574 365 729 558
309 463 226 779 341 796 891 305 684 34 827 247 872 1067 188 614 976 666 721 497 149 239 462 944 472 507 526 584
487 382 533 388 401 245 662 609 96 717 470 442 902 579 847 122 377 205 600 262 662 770 227 418 470 190 641 376
496 562 453 429 163 734 498 119 578 407 458 255 521 710 456 406 679 393 328 260 266 311 397 615 92 343 168 661
681 670 674 114 361 665 258 443 511 712 136 479 491 386 779 309 390 215 186 262 584 634 454 303 232 346 325 726
173 330 90 755 321 678 907 370 580 169 813 203 938 1038 323 544 919 615 747 451 248 362 367 902 488 436 582 450
748 755 730 197 408 772 182 436 617 731 170 528 382 417 777 414 473 323 78 345 591 621 542 373 242 437 270 819
439 280 515 670 558 104 942 766 186 761 753 536 1160 848 912 382 624 483 865 479 762 885 318 688 688 380 861 185
480 614 403 726 341 901 774 179 765 192 756 314 697 1008 164 642 964 662 600 501 87 38 545 909 389 549 377 734
959 1022 910 585 623 1130 390 497 970 793 541 718 96 743 760 768 856 696 311 655 644 594 836 747 452 754 295 1113
1006 936 1024 319 751 746 419 867 651 1117 300 857 757 68 1199 537 203 445 527 604 1001 1060 737 155 656 636 737 941
643 605 651 89 367 552 353 501 404 734 169 474 613 363 821 213 296 106 308 225 622 692 390 237 296 280 426 644
805 692 850 405 670 414 658 853 370 1018 461 739 972 409 1136 373 169 352 679 508 941 1035 542 282 667 479 812 659
331 218 386 504 347 245 760 558 122 599 585 343 954 730 741 203 540 311 665 269 572 692 112 571 475 170 647 229
265 129 333 595 379 263 844 581 193 570 675 343 1019 825 719 295 633 403 739 338 568 692 146 666 530 242 698 139
635 534 675 319 495 330 597 686 228 839 394 560 878 448 959 195 230 196 574 335 765 863 367 289 512 300 670 520
413 259 486 622 509 111 892 718 140 726 705 492 1108 808 875 331 590 433 813 427 720 842 270 648 636 328 809 184
311 318 312 423 112 477 621 324 329 432 490 153 752 701 552 213 580 273 489 113 364 473 130 561 258 109 422 403
335 175 413 673 491 201 934 693 212 663 755 452 1125 880 815 373 670 480 839 440 674 798 256 719 639 341 808 89
197 117 254 579 302 350 811 497 255 481 656 254 961 830 629 292 658 395 692 293 477 601 100 675 466 210 628 196
251 142 310 560 330 295 803 533 200 536 639 299 972 799 682 263 617 370 694 292 526 648 98 641 481 199 648 183
725 781 682 418 383 899 346 291 738 603 403 484 293 648 608 540 697 482 181 417 452 440 595 603 211 516 70 871
313 393 271 514 75 628 651 185 487 292 565 72 705 801 396 367 714 405 492 235 203 312 271 678 233 269 350 502
570 557 566 176 264 577 370 388 418 627 233 378 570 463 710 214 408 144 270 149 511 579 341 348 185 234 331 616
935 833 971 400 754 572 604 915 517 1115 430 839 937 295 1221 476 122 422 666 591 1023 1104 665 224 714 585 837 810
1032 1061 999 480 683 1091 216 624 937 936 412 796 147 558 933 734 717 640 256 658 785 764 854 601 499 754 403 1134
222 186 257 520 230 388 742 431 266 453 594 200 886 780 594 248 624 342 619 223 428 550 51 629 392 151 554 269
560 458 602 343 441 284 622 641 159 775 424 497 884 510 899 141 302 182 579 288 709 811 294 349 482 237 647 449
870 927 824 499 529 1032 336 419 872 724 461 628 151 680 708 670 774 600 226 557 573 539 739 668 356 656 206 1017
320 444 251 639 207 732 748 179 601 163 685 145 749 927 264 499 848 539 580 369 85 209 379 809 329 398 395 564
84 94 154 673 328 443 886 490 367 404 746 240 1002 933 558 398 770 495 753 370 433 559 199 781 508 304 654 215
102 240 51 685 271 578 861 379 479 258 749 154 928 964 411 454 832 532 710 376 295 419 270 822 452 347 572 362
154 225 148 588 195 512 775 351 397 322 654 101 868 864 465 354 731 432 631 278 312 437 178 722 379 246 517 339
737 786 697 392 391 890 313 316 730 628 373 496 282 616 638 530 671 466 148 412 477 471 595 575 213 512 97 874
355 505 272 777 345 831 873 277 713 35 820 265 838 1064 147 630 985 675 701 505 116 191 489 947 459 525 498 627
932 923 920 253 600 881 49 627 737 926 173 720 387 304 966 547 458 441 205 516 785 806 706 341 437 597 438 974
684 675 675 120 361 672 253 439 518 710 138 480 483 390 776 316 397 222 178 266 581 630 459 309 228 351 318 731
1011 930 1036 364 780 710 498 912 630 1147 362 880 836 151 1237 541 172 459 595 626 1038 1104 740 178 701 645 796 923
874 820 887 166 603 681 315 715 562 968 154 712 648 125 1046 416 190 314 390 462 849 907 611 74 503 505 589 839
666 606 685 135 429 495 414 583 360 795 213 525 697 335 893 202 213 105 395 271 694 772 399 184 383 296 520 627
746 837 685 604 447 1020 526 266 862 536 594 513 356 840 495 678 881 641 371 538 391 329 684 791 329 629 169 942
330 487 247 824 385 829 932 342 721 31 871 290 905 1111 170 656 1020 710 762 541 182 254 501 988 515 549 563 607
637 531 679 343 510 311 621 703 218 850 418 571 903 465 972 208 241 218 599 351 779 879 372 307 533 311 692 512
439 344 482 390 351 268 657 560 108 663 472 389 880 603 794 96 415 198 581 220 609 719 174 444 432 140 604 351
377 340 395 359 199 407 590 407 250 534 434 255 766 622 654 111 483 185 481 82 464 569 123 475 291 17 464 397
966 946 960 255 644 874 121 688 737 981 174 763 454 237 1029 556 415 448 274 545 843 870 729 299 491 618 507 988
367 265 416 457 337 252 716 549 106 615 538 350 919 681 753 156 493 264 626 238 577 693 119 522 449 140 622 277
1017 1056 980 510 669 1107 262 592 951 901 448 778 84 611 890 747 759 658 262 659 750 721 853 644 486 757 371 1134
144 216 141 596 205 509 785 361 397 323 663 110 878 872 468 359 737 438 641 286 318 443 179 728 389 252 527 332
579 539 589 156 318 502 411 472 348 685 235 419 650 423 781 151 325 52 345 166 581 660 324 286 278 214 428 579
415 402 418 317 157 482 526 350 323 518 386 246 689 596 625 149 486 176 407 8 429 523 190 459 214 95 388 469
109 56 186 685 358 415 906 527 350 441 760 276 1032 940 595 402 769 503 777 388 472 597 206 785 537 315 687 177
1067 1110 1027 571 720 1168 318 630 1011 937 507 827 70 663 917 807 817 719 322 717 786 749 909 702 538 815 412 1190
556 445 603 382 462 246 661 665 133 786 462 510 922 541 914 167 325 219 617 314 726 832 297 381 513 253 681 426
1006 940 1022 308 744 760 394 855 661 1109 284 852 732 42 1188 539 219 444 506 600 991 1047 738 156 643 635 719 948
778 732 787 65 500 630 295 614 497 864 94 609 607 227 944 330 225 223 323 361 746 806 520 126 403 411 501 761
503 424 535 302 349 337 573 546 184 691 384 412 811 518 811 47 342 114 508 193 618 718 231 359 390 152 558 439
759 782 733 274 411 830 200 401 672 707 245 529 317 485 738 468 551 385 28 379 561 576 574 449 231 476 210 855
1024 927 1058 441 826 668 606 976 612 1191 454 917 944 265 1291 560 186 496 691 666 1092 1167 753 252 769 668 879 906
941 927 932 248 613 873 78 649 732 945 165 733 415 276 989 545 437 438 231 522 805 829 710 320 455 600 464 975
1000 1020 971 420 651 1036 152 612 883 924 350 767 199 496 932 682 654 586 215 614 773 763 810 537 469 708 393 1089
393 296 438 427 335 262 688 547 105 629 508 359 898 649 763 126 462 234 603 222 584 697 134 490 435 129 608 308
353 502 270 768 336 825 864 269 706 43 811 257 831 1055 153 622 976 666 693 497 108 188 483 938 450 517 490 623
596 711 526 667 365 953 665 153 805 344 681 387 550 935 300 650 927 645 493 503 210 132 599 856 335 574 260 826
773 665 815 365 628 406 622 810 346 978 423 699 933 391 1094 332 149 308 638 465 899 992 507 254 623 439 769 639
714 771 671 421 373 893 356 279 733 591 408 473 303 654 596 536 700 480 189 411 440 429 587 607 203 510 58 863
440 305 502 516 454 137 788 667 31 720 598 462 1016 701 862 232 487 329 717 347 691 808 229 540 559 253 733 267
189 28 269 690 412 342 928 594 301 524 768 344 1077 930 678 394 743 501 810 411 551 676 215 772 582 324 740 96
484 379 530 391 400 243 665 608 93 715 473 440 905 583 846 123 381 207 602 262 660 769 224 422 471 189 642 372
402 263 466 543 443 147 812 655 70 691 625 441 1028 739 835 250 528 353 732 350 670 789 210 578 561 253 734 224
529 662 451 740 374 943 771 191 805 235 765 357 673 1019 177 674 986 688 597 530 134 11 586 925 402 584 368 781
795 862 746 503 462 992 387 335 832 637 479 554 236 714 620 635 782 577 244 510 487 451 683 683 300 608 133 957
322 431 261 590 158 699 704 159 564 213 636 113 720 877 311 453 799 489 538 320 120 237 343 759 284 353 364 547
589 628 558 321 240 736 371 241 576 535 338 354 440 592 581 381 588 335 205 254 394 429 435 511 57 353 139 713
992 980 981 300 661 925 89 686 785 987 218 781 403 294 1025 599 476 491 261 574 845 863 763 360 498 653 493 1028
535 490 549 205 295 459 460 467 303 660 284 388 688 464 763 102 345 35 386 134 564 651 276 320 286 167 446 529
736 683 749 81 474 573 347 606 440 841 143 579 648 263 928 279 201 175 355 326 729 798 473 129 397 366 512 707
637 552 670 250 460 388 529 640 268 815 327 537 810 402 927 173 208 140 506 297 731 822 365 241 457 282 610 553
514 659 432 810 419 964 853 262 834 187 839 378 757 1092 93 720 1047 744 679 581 151 78 611 993 473 624 452 780
997 1015 969 409 649 1027 139 614 875 925 338 765 213 482 936 674 641 576 211 608 776 768 804 524 467 701 396 1083
389 482 335 531 133 715 628 94 570 279 571 156 641 818 350 433 757 452 460 290 151 237 359 707 210 344 285 593
488 623 411 734 351 911 780 186 775 195 763 324 699 1016 159 652 974 672 606 511 96 30 555 917 397 559 382 743
257 108 340 754 499 321 1001 683 324 598 834 433 1162 980 753 454 780 562 890 488 635 760 292 820 667 397 827 34
208 346 135 679 240 666 822 289 551 167 734 128 853 965 313 488 857 549 661 382 187 310 330 833 403 380 497 467
801 725 826 205 576 547 439 724 441 943 246 672 760 230 1039 331 74 250 476 418 840 915 530 73 519 434 639 729
803 824 776 288 455 864 166 438 707 746 247 572 287 475 773 503 561 417 19 420 599 609 616 454 274 517 238 896
580 573 573 179 264 601 354 375 442 623 229 381 546 467 701 238 423 168 248 164 503 567 359 358 168 253 308 635
804 771 806 75 504 693 225 595 554 862 27 619 539 234 931 375 289 267 264 381 736 786 555 179 384 444 460 808
948 960 925 341 603 961 75 588 810 897 270 721 264 426 918 610 575 511 166 551 750 752 747 459 425 642 378 1023
412 436 397 355 85 568 516 256 411 451 410 200 633 642 545 244 560 254 375 96 346 433 243 519 140 177 309 521
464 598 387 718 327 885 771 173 750 182 748 298 702 1000 167 629 953 651 597 488 71 54 529 899 382 535 377 718
532 466 558 248 339 391 518 526 239 694 330 417 760 475 807 62 318 59 456 177 611 705 262 320 356 166 519 489
349 475 277 650 225 761 747 164 629 158 692 174 734 937 242 522 865 557 577 389 55 179 407 822 332 422 384 594
162 27 238 669 375 363 901 556 305 490 746 306 1043 915 643 378 735 482 779 382 513 638 189 758 547 300 704 134
827 862 793 365 478 926 215 425 767 737 324 590 220 546 749 564 638 483 90 467 587 582 660 531 294 566 208 941
420 495 375 471 108 696 568 107 546 341 509 179 599 757 409 393 702 401 402 246 211 284 347 649 148 314 243 599
719 756 687 324 371 837 270 335 677 643 307 483 317 554 669 474 603 405 96 367 496 506 557 507 187 466 137 837
666 575 700 265 494 390 541 674 281 848 338 570 830 390 961 205 183 173 528 331 765 856 395 230 489 314 639 571
792 873 735 579 477 1034 475 315 875 599 561 555 287 800 563 684 859 636 329 550 452 396 709 763 338 645 165 975
967 875 998 373 760 635 549 908 566 1126 389 853 886 223 1224 500 122 431 626 600 1025 1099 695 185 701 607 812 860
37 148 95 693 317 501 893 459 419 349 764 215 989 962 503 433 809 524 752 386 388 512 234 813 501 332 637 269
954 869 981 333 733 647 501 874 568 1100 344 830 839 179 1195 484 110 407 581 576 995 1066 682 144 666 589 771 861
639 613 640 96 344 586 327 463 433 708 162 456 571 383 789 235 338 135 266 216 591 655 396 270 255 286 380 660
920 876 925 190 627 758 247 716 634 986 139 741 585 120 1053 474 272 367 351 499 859 906 664 157 506 555 567 903
658 705 621 360 311 816 344 259 656 568 358 418 363 610 594 459 636 404 170 335 420 432 515 548 132 434 78 793
683 661 681 72 376 632 278 477 481 735 119 492 532 356 809 284 344 182 228 260 612 669 444 261 265 333 370 709
725 651 749 178 504 494 445 661 376 870 242 597 748 294 970 254 135 175 452 344 771 850 454 134 461 357 593 659
777 839 730 471 440 963 364 325 803 632 449 536 245 686 622 605 751 545 216 481 481 453 657 652 273 580 113 932
815 793 810 113 499 740 167 568 597 847 36 617 477 271 907 408 350 301 207 392 715 757 576 240 361 466 416 838
259 293 252 483 106 504 669 304 365 373 548 95 777 763 500 273 642 336 529 174 318 434 147 624 283 165 435 391
271 403 198 663 224 707 787 231 584 146 713 133 800 951 274 499 859 549 622 379 125 250 360 826 367 394 445 523
839 884 801 416 492 965 260 416 805 728 377 600 186 597 729 602 690 526 142 498 577 560 687 584 311 597 195 967
280 322 265 474 77 530 650 275 388 363 535 85 749 756 484 282 645 336 505 169 297 410 174 621 256 178 405 421
186 340 103 740 304 682 888 348 580 157 797 187 916 1025 311 536 910 604 727 439 227 342 364 890 469 427 560 461
252 213 283 490 220 382 715 427 251 469 565 206 866 750 607 218 595 312 595 196 435 554 27 599 373 121 538 287
255 234 277 479 189 411 696 396 276 448 551 180 839 744 583 220 598 307 571 177 408 526 54 596 345 115 509 316
975 978 957 331 634 957 52 633 810 940 254 754 312 380 967 615 544 512 205 569 794 802 763 427 461 656 428 1036
207 309 162 595 164 596 754 274 472 250 654 44 814 880 385 399 768 460 599 294 224 349 249 746 340 291 458 426
287 165 348 553 355 258 804 562 164 574 633 333 985 783 720 252 594 360 701 301 561 683 117 624 499 203 668 181
744 829 686 574 435 1002 495 266 843 547 563 508 335 808 515 657 852 616 339 519 400 347 670 761 308 611 142 933
729 785 687 418 387 902 342 296 741 608 402 488 288 646 613 543 697 484 178 421 457 445 599 602 215 519 75 876
836 875 800 388 487 945 232 425 786 737 347 597 202 567 743 582 661 504 113 483 586 575 675 554 304 582 205 955
364 521 281 836 401 860 935 338 750 33 881 312 895 1124 136 679 1039 729 763 559 176 232 528 1004 521 572 558 641
760 710 771 69 489 604 320 612 471 855 117 596 627 241 938 307 210 202 339 346 740 804 499 122 401 391 507 737
739 723 733 87 422 693 214 499 544 772 77 540 483 331 836 348 364 245 186 318 643 689 506 265 289 396 364 773
985 921 1001 287 723 745 382 834 643 1088 264 830 720 38 1167 519 206 423 489 578 969 1026 718 137 622 615 700 930
169 138 214 577 263 398 797 451 295 432 651 206 930 837 580 303 677 399 670 278 428 552 103 685 435 208 591 236
821 807 813 143 497 768 136 552 622 838 73 617 440 298 893 430 388 325 174 401 703 739 590 277 349 480 390 857
867 863 853 217 533 841 65 560 692 858 146 653 372 337 899 497 456 394 143 454 716 740 647 342 369 539 375 919
938 837 975 403 757 575 606 919 520 1119 432 842 939 295 1225 480 125 426 668 595 1026 1108 668 226 717 589 839 813
638 735 576 587 355 939 562 159 785 429 593 409 449 845 403 613 856 590 393 467 283 234 594 777 272 550 160 844
486 566 436 482 178 763 543 66 610 363 510 247 540 763 404 447 731 441 371 299 218 258 417 667 145 376 183 671
994 942 1004 272 712 793 313 805 681 1073 228 824 650 41 1142 538 268 435 436 578 947 996 732 174 595 626 656 960
896 832 913 213 640 667 369 762 559 1007 211 746 705 111 1091 430 147 335 447 493 892 954 629 49 551 526 643 843
386 346 405 351 208 403 585 415 244 544 427 266 766 613 664 100 473 175 479 83 473 578 129 465 294 19 467 400
929 879 938 206 647 743 289 745 624 1009 169 759 627 84 1081 475 239 371 390 512 885 936 668 129 534 561 603 900
233 363 164 656 216 671 794 258 551 170 710 111 822 943 307 477 842 533 632 364 164 289 328 814 374 370 466 484
163 115 216 593 286 387 817 473 292 444 668 226 953 850 593 314 686 413 691 298 445 570 115 697 457 224 614 214
783 805 756 283 435 850 183 420 692 727 248 552 298 482 755 488 558 404 11 402 581 592 598 454 254 499 222 878
746 801 704 421 404 914 333 312 754 624 402 505 271 643 627 555 700 493 173 434 473 459 614 603 230 533 91 891
898 919 871 342 551 944 122 522 790 833 282 667 231 472 850 587 596 494 113 513 684 684 709 483 369 608 309 989
746 789 709 364 398 879 280 339 718 651 342 507 280 583 666 517 643 448 114 406 501 500 593 545 216 505 125 873
701 687 695 95 384 670 245 466 518 736 112 502 493 362 803 319 374 219 190 281 608 658 470 283 256 361 344 740
417 258 493 666 540 122 936 748 183 739 748 516 1148 850 890 374 629 476 854 466 741 865 301 690 674 367 846 165
711 774 665 446 375 907 381 265 747 575 435 470 309 682 576 552 725 500 216 424 424 407 595 633 213 521 47 869
765 674 798 267 576 466 522 744 374 937 323 661 834 311 1044 300 84 246 541 414 846 931 493 161 548 408 684 666
650 554 687 294 495 358 572 681 253 844 368 566 857 421 961 199 206 184 554 333 766 861 380 261 502 306 657 544
424 536 357 606 219 794 678 80 652 232 640 215 648 891 273 520 840 538 505 377 83 151 437 787 274 429 301 652
774 773 760 170 440 770 155 479 617 771 130 560 399 373 820 417 441 319 107 363 632 664 558 336 280 451 314 832
314 161 388 627 443 210 886 647 181 631 709 410 1074 842 782 326 638 434 789 390 634 758 207 681 589 291 758 113
454 299 537 822 658 241 1090 856 340 795 904 611 1292 1004 949 528 779 632 1003 607 824 950 425 844 808 508 977 178
521 389 579 484 498 142 763 709 70 788 565 522 1012 642 926 233 418 311 709 370 748 862 291 483 580 288 751 347
