2
5
8
20
230
100000
20000
100
40
300
1 0 
1 0 
1 0 
0 1 
1 0 
1 0 
0 1 
1 0 
15920 32000 22360 2760 18080 12360 12400
15760 17080 12360 29880 30680 34360 22440
20920 1840 25160 31200 23080 29960 21440
16680 3200 22280 26160 18400 25040 16400
16440 29560 24440 3640 13200 7080 10360
7240 13400 15560 16280 14000 17840 6720
3600 19040 6520 17560 21920 23480 11640
13200 24080 22240 6720 8960 6680 5600
24800 16080 23080 38480 35520 40880 29760
23000 20480 18680 37120 37120 41320 29480
16040 33040 8960 23360 34080 32840 23160
26720 13960 34440 30520 16400 24400 22240
13640 32920 12280 15600 28560 25800 18240
19320 14120 27960 21600 8200 16120 13640
13400 32240 16680 8800 23320 19280 14360
6960 21800 15880 8000 13520 13040 3040
13920 28880 21400 600 14920 10000 9240
3960 15560 10600 17120 18600 21240 9240
8280 20680 3520 21760 26560 28200 16360
10080 24640 640 21920 28920 29560 18240
565 199 483 720 554 632 548 563 686 171 555 511 721 413 224 644 438 318 341 839 456 711 560 489 651 294 109 146
160 453 302 537 275 213 515 554 204 600 727 610 275 352 289 277 839 779 398 800 225 586 121 169 192 317 377 366
193 493 78 345 133 458 273 724 366 468 487 368 341 109 201 233 660 645 516 571 424 372 366 106 297 137 318 373
678 186 714 980 745 537 859 198 707 549 928 864 802 688 464 791 803 649 129 1167 337 997 518 642 719 568 390 294
722 441 575 748 664 860 541 806 873 86 421 438 877 481 396 772 187 107 591 772 699 710 780 636 821 404 325 395
311 462 148 376 235 550 233 744 481 362 390 281 458 68 162 344 542 535 521 543 478 376 458 224 415 58 260 339
558 169 488 731 555 611 564 533 673 201 581 534 713 423 222 642 468 345 310 859 430 725 541 485 642 301 104 121
693 354 781 1045 791 464 957 21 672 721 1068 989 788 779 571 810 982 836 216 1266 309 1076 479 681 706 671 529 430
337 631 130 217 203 640 85 901 513 488 340 213 446 104 329 309 607 644 683 385 612 207 550 269 432 227 428 508
453 519 261 406 354 695 205 843 626 299 252 164 592 164 258 467 417 447 611 484 606 375 603 367 556 174 309 406
287 695 496 648 425 191 706 674 112 873 954 830 226 576 561 346 1108 1052 599 943 383 719 207 365 196 576 649 627
652 955 470 286 509 975 272 1249 812 716 329 295 710 451 665 578 705 818 1026 43 963 206 888 604 728 562 745 836
212 743 407 509 320 317 599 790 97 854 863 737 82 499 546 219 1065 1035 676 807 472 586 291 300 111 532 652 654
348 769 205 62 209 676 172 1006 502 648 441 323 401 247 467 267 753 802 801 329 695 106 593 315 418 371 575 646
371 271 304 561 365 484 422 568 501 295 522 438 527 256 33 451 543 473 338 731 349 567 401 295 460 132 86 148
456 453 605 844 582 164 812 322 387 753 992 887 513 638 492 568 1019 911 311 1105 141 893 208 476 438 566 517 446
681 208 724 991 753 528 874 173 704 572 949 883 802 702 479 795 827 674 132 1183 332 1010 514 648 719 583 409 312
449 575 246 355 337 714 148 890 626 356 226 117 580 156 302 449 451 498 661 424 641 318 622 367 552 207 364 459
604 668 398 442 485 867 237 1007 781 370 77 86 729 311 431 594 362 461 775 400 781 380 775 523 705 349 465 563
457 188 399 652 460 523 503 520 573 256 565 497 612 345 128 543 521 422 288 807 357 654 449 385 540 220 24 74
705 305 598 812 678 783 619 664 834 124 554 545 863 516 362 776 334 181 461 883 602 788 712 625 796 410 257 293
565 430 405 578 495 744 376 786 726 129 320 295 717 309 268 605 289 279 555 633 611 546 658 478 667 246 246 341
140 534 78 326 83 432 294 739 316 527 530 406 282 153 251 173 719 705 542 576 426 366 343 61 243 197 370 416
452 662 243 274 321 745 62 964 629 450 223 96 564 181 376 426 521 585 738 333 696 227 653 380 549 274 452 543
785 542 620 762 712 946 550 907 943 181 381 426 937 522 474 823 87 122 691 747 793 714 864 697 886 465 416 492
864 560 707 857 798 1004 645 920 1017 230 470 521 1018 611 541 908 114 76 715 839 839 810 925 777 964 544 467 531
457 446 288 470 379 666 277 777 623 234 308 237 605 192 204 490 395 396 545 561 558 445 576 369 560 145 237 335
471 127 495 762 528 409 648 337 530 429 748 669 607 473 254 580 697 576 107 957 210 781 359 427 525 357 212 119
651 462 489 649 580 821 441 826 810 104 331 338 803 392 345 690 207 203 600 674 678 610 736 563 752 331 303 390
518 864 345 156 376 843 175 1138 677 668 348 264 575 342 565 443 708 795 921 157 842 72 758 474 593 462 657 742
762 394 636 829 721 862 627 752 901 127 523 533 919 547 422 824 255 93 549 870 686 797 788 679 857 453 328 376
375 681 175 184 236 686 47 953 549 520 322 197 472 156 380 333 617 668 735 333 664 161 597 313 466 277 476 558
416 900 330 91 301 740 303 1113 538 791 552 446 416 386 600 309 886 943 919 338 791 159 666 411 459 508 711 777
547 159 595 861 620 419 754 231 578 514 853 776 671 579 362 661 780 645 2 1064 214 884 391 514 588 464 313 215
323 284 394 656 404 272 581 409 370 506 737 637 450 402 232 437 766 674 226 886 122 689 207 295 368 313 267 220
656 313 739 1003 751 441 913 63 644 680 1024 944 756 735 526 773 942 798 172 1222 274 1033 450 641 674 627 485 387
39 612 197 360 119 363 400 753 194 659 657 530 143 288 364 77 858 839 586 645 424 423 287 100 112 330 479 505
653 339 528 730 612 766 534 705 794 37 467 456 810 441 315 715 290 180 488 795 600 703 689 570 749 344 229 293
496 694 288 291 364 790 90 1003 673 461 185 64 605 226 413 467 507 585 775 306 739 232 699 425 593 313 483 577
241 494 415 635 376 96 630 510 183 696 845 728 300 470 391 350 944 872 403 908 192 691 10 278 221 431 463 431
452 199 510 776 529 340 682 294 484 508 805 719 575 504 300 566 775 657 98 991 135 803 302 422 492 398 282 196
644 1008 485 253 505 973 318 1282 792 797 429 378 680 487 710 556 804 910 1066 77 983 192 890 609 709 607 800 887
440 863 305 46 306 769 217 1106 585 718 452 350 474 337 561 349 794 861 900 254 794 57 689 414 502 462 665 740
83 532 137 365 104 375 353 707 257 565 590 467 236 212 271 152 768 745 522 628 387 413 287 7 187 237 387 420
272 754 187 124 149 601 248 961 415 681 523 401 307 262 459 178 813 845 768 419 640 196 522 259 331 375 574 634
327 305 416 675 419 241 608 392 355 541 770 670 445 430 268 443 802 709 228 912 88 711 182 309 362 346 303 251
269 672 106 161 126 592 166 907 437 577 439 313 354 160 371 215 710 740 701 409 598 194 506 223 354 279 482 549
675 600 484 581 576 895 370 959 846 255 188 233 815 387 425 689 213 312 728 550 777 526 805 588 779 374 418 514
634 230 544 773 618 699 591 594 757 147 566 537 791 469 292 711 399 261 383 872 517 757 629 557 722 354 180 208
581 979 436 187 446 910 296 1238 724 793 456 386 608 451 677 488 826 918 1027 145 931 142 829 553 641 575 774 856
362 902 347 197 285 666 393 1076 449 846 659 544 319 427 615 245 971 1009 900 466 747 278 602 384 378 536 732 784
279 426 153 405 227 498 281 694 442 372 443 335 432 105 123 328 573 551 474 591 423 414 406 191 381 41 234 303
404 328 514 769 510 217 710 311 392 617 870 771 500 532 364 521 882 776 204 1012 18 809 199 399 418 446 381 310
530 132 477 728 538 565 572 491 636 248 610 554 683 420 206 619 515 393 265 872 382 727 498 461 609 295 92 73
395 434 543 782 520 126 751 358 337 713 936 829 460 579 441 508 976 877 305 1043 103 831 151 414 382 510 475 412
656 881 456 342 515 967 240 1195 827 614 208 199 740 411 606 602 584 703 967 162 928 258 876 595 744 506 671 766
828 598 656 782 748 998 570 963 989 236 376 437 978 558 524 860 31 155 747 746 848 730 915 740 930 509 471 548
98 502 151 391 132 360 366 678 262 546 593 472 255 214 246 181 756 726 492 648 360 436 270 24 198 222 361 390
168 747 287 341 194 435 451 868 217 782 723 597 90 385 496 82 964 960 715 639 538 420 378 232 148 451 613 641
326 388 204 448 280 520 305 677 484 320 433 335 481 141 89 381 530 500 450 614 425 450 430 240 427 15 187 265
165 512 75 337 108 442 284 729 339 498 510 388 310 131 225 203 690 676 527 575 422 370 351 80 268 167 343 392
386 597 178 282 264 671 93 890 564 421 281 156 508 105 304 374 531 571 666 399 619 257 579 310 487 201 389 477
362 319 466 722 463 217 661 351 366 584 824 724 467 484 320 479 848 747 215 963 34 761 178 353 384 400 346 284
814 465 676 852 763 928 645 822 958 169 510 538 971 583 479 870 200 23 621 869 755 814 853 729 911 500 392 445
503 99 474 734 527 511 591 437 596 308 653 588 653 429 205 600 575 454 208 897 323 740 448 441 576 305 113 28
352 284 289 547 348 471 413 572 483 310 523 435 509 244 18 433 556 489 343 722 342 555 387 276 442 122 104 161
193 399 295 545 286 246 501 527 260 547 696 584 324 330 237 308 790 725 355 795 205 588 156 176 243 277 321 310
527 827 338 202 384 847 139 1115 694 613 282 201 601 317 533 465 644 734 894 170 829 120 759 474 610 430 618 707
565 195 623 890 644 412 788 193 583 554 892 814 682 611 397 680 819 682 41 1098 212 915 393 537 599 499 353 255
922 591 768 919 859 1053 707 945 1073 282 526 581 1077 672 595 968 155 107 748 896 882 871 975 835 1021 603 515 573
487 901 348 93 353 816 237 1150 631 741 448 356 518 373 598 395 802 878 942 213 840 67 736 460 549 498 700 778
526 243 604 868 616 352 780 197 532 588 903 818 635 602 399 643 855 726 88 1089 157 898 339 507 552 497 372 279
536 44 526 788 573 506 651 381 614 355 714 649 681 486 260 639 621 489 157 957 308 797 452 481 602 362 175 81
533 758 328 274 394 837 113 1064 707 520 192 103 629 278 476 490 545 636 838 242 795 203 746 467 625 374 547 641
529 793 330 236 387 841 117 1090 700 566 236 152 614 295 504 476 594 685 865 203 812 160 752 469 617 401 582 673
228 364 315 571 314 254 515 497 292 527 698 590 360 340 222 342 775 703 320 814 182 610 168 204 279 275 296 278
825 548 665 812 756 975 601 911 980 201 429 477 978 568 507 867 92 87 700 796 814 765 894 738 926 505 440 509
272 310 321 585 336 303 507 481 351 471 669 567 412 328 175 381 724 646 285 812 191 616 222 231 333 244 238 219
475 105 469 734 513 459 605 397 556 360 687 614 620 436 210 578 628 510 165 913 268 746 399 420 541 314 147 50
295 695 132 136 152 619 152 934 460 588 428 303 373 177 393 234 712 748 727 382 626 166 534 251 376 299 502 572
232 424 145 411 202 447 312 668 391 414 493 382 387 134 131 293 624 594 454 619 383 430 355 146 332 89 249 303
606 161 538 780 605 643 610 526 716 210 613 572 760 472 272 691 467 329 314 901 456 772 578 534 688 350 154 152
308 682 128 150 165 628 127 929 477 564 402 276 394 158 379 255 685 722 720 374 626 166 541 257 394 282 486 559
638 788 430 390 504 930 224 1117 815 502 93 111 743 364 530 605 469 586 885 278 869 314 838 567 734 436 580 678
427 478 586 818 558 124 796 364 349 764 985 877 477 625 492 537 1027 926 341 1085 151 870 177 453 403 560 526 461
522 158 569 836 594 402 731 251 555 504 834 755 647 555 339 635 771 640 26 1040 196 859 371 489 564 441 296 200
27 552 202 404 146 321 416 692 189 621 658 534 183 280 317 140 832 801 523 680 364 461 238 70 123 298 429 448
718 250 633 861 706 760 676 597 833 201 632 614 874 558 378 798 413 249 406 951 568 844 695 643 803 443 262 269
292 730 501 636 424 232 706 715 115 897 960 835 209 585 584 337 1127 1077 637 933 422 710 244 375 194 593 676 659
215 501 391 608 350 119 607 532 165 689 825 707 276 448 381 323 933 866 417 883 210 665 36 253 196 415 458 432
193 393 215 478 232 344 410 587 319 471 597 486 347 234 159 290 703 652 388 711 285 511 253 132 277 180 264 283
447 299 338 571 415 583 403 634 590 201 451 384 604 264 111 513 444 381 401 701 443 562 499 364 542 148 90 189
293 464 456 684 424 79 668 455 237 695 871 759 356 502 398 405 949 867 361 953 145 737 46 321 278 451 458 414
672 456 515 678 605 834 470 822 829 90 355 366 825 418 360 715 194 174 598 701 685 639 750 585 773 353 309 392
305 800 504 601 419 321 697 804 150 939 962 835 178 596 628 317 1156 1120 717 899 504 680 322 393 201 622 728 720
235 354 313 571 316 264 511 495 304 515 691 583 369 335 211 348 764 691 314 811 184 608 179 206 289 266 284 266
408 303 306 547 379 548 388 623 550 240 462 385 565 238 73 475 480 421 391 692 416 543 463 325 503 117 93 185
376 618 167 254 248 669 73 904 553 449 294 168 492 109 321 356 558 600 681 382 626 230 577 303 474 218 411 496
656 195 580 816 650 694 639 554 768 199 620 590 811 510 318 739 442 292 351 924 505 804 630 582 739 391 201 203
147 536 70 320 82 440 286 744 324 524 522 398 287 146 251 176 713 702 546 568 433 359 351 69 250 193 369 417
668 671 466 521 555 916 316 1022 844 342 94 165 799 375 462 666 289 405 790 461 816 458 825 585 771 393 477 575
362 773 213 60 222 690 161 1014 517 644 427 311 417 248 470 283 744 796 808 314 705 92 606 327 433 373 577 650
201 721 401 517 318 294 598 765 73 839 860 733 89 492 530 222 1053 1020 652 814 448 592 267 289 98 519 634 634
509 353 373 580 458 665 391 703 661 137 390 342 665 285 190 563 363 316 471 673 526 559 580 423 608 193 160 257
216 741 195 195 124 539 310 922 344 705 586 460 234 286 456 110 856 875 740 492 596 270 465 224 262 384 574 623
343 837 268 93 230 668 284 1042 469 750 551 435 350 335 540 237 865 908 851 385 719 178 593 340 388 453 654 716
207 375 279 537 281 281 478 530 293 510 665 555 348 304 200 317 753 688 345 777 218 574 192 173 269 243 285 280
366 768 211 69 226 694 149 1013 525 634 415 298 426 242 465 291 732 785 805 308 705 88 610 329 440 367 570 645
167 738 245 291 154 466 399 880 256 749 673 547 137 343 473 55 922 925 716 588 551 368 401 213 179 419 591 626
463 572 261 370 352 724 161 891 640 344 216 114 595 170 304 464 435 483 661 431 646 331 632 380 566 212 362 457
770 395 645 839 730 868 637 752 908 137 532 543 928 556 430 833 259 93 551 880 690 807 794 687 865 462 335 381
559 878 378 204 416 882 188 1163 721 663 316 248 622 364 583 488 685 781 942 123 872 121 795 511 637 479 669 757
175 469 334 562 301 178 548 544 184 633 763 646 271 387 322 291 874 811 403 830 214 614 87 198 187 353 406 389
605 759 396 369 472 896 193 1085 782 482 99 78 712 329 497 574 467 575 854 285 835 296 804 533 702 402 550 648
473 476 295 460 387 693 260 809 643 244 276 208 619 197 235 499 382 397 576 536 589 430 602 386 577 169 268 366
316 286 385 648 396 275 572 417 367 501 729 629 445 393 225 430 761 671 232 877 129 681 208 288 363 304 263 218
295 405 434 676 414 138 642 426 276 637 831 722 383 470 347 411 894 808 308 934 99 723 85 306 301 407 399 353
399 555 197 333 288 665 141 858 576 370 275 160 531 106 269 401 490 523 631 440 599 307 573 317 501 169 345 436
99 679 257 369 168 374 445 797 169 732 710 583 76 352 437 68 927 912 643 664 467 441 311 173 89 402 552 574
400 714 205 165 259 715 46 988 572 545 317 197 489 191 414 350 630 688 770 299 697 130 627 342 489 311 509 592
596 323 691 953 696 371 874 118 575 679 1001 915 690 695 496 713 946 810 168 1181 211 987 382 586 608 592 469 375
326 263 312 578 353 400 466 510 435 375 596 504 478 290 88 422 628 550 289 776 265 596 319 263 404 180 144 150
327 888 353 254 277 613 434 1040 392 861 707 587 260 442 611 211 1003 1030 874 534 710 338 555 363 326 541 729 774
681 365 775 1038 782 444 955 39 656 731 1072 990 773 776 571 798 994 850 222 1263 296 1071 463 672 691 670 534 437
598 911 417 237 455 922 224 1200 759 686 320 266 658 401 618 525 694 797 978 85 911 155 835 550 675 515 701 791
58 586 153 341 84 384 362 748 233 616 613 487 189 243 326 97 812 795 570 618 422 398 302 62 154 286 442 474
358 302 277 531 343 495 390 598 497 294 495 408 516 225 18 433 534 474 369 699 370 536 409 279 451 101 109 179
284 772 486 594 402 296 682 779 123 913 944 818 167 576 602 304 1133 1094 689 892 476 671 295 370 180 598 701 693
683 536 506 637 598 875 425 899 848 177 272 302 830 408 399 711 171 231 672 630 741 589 788 595 786 368 370 461
450 323 329 555 409 599 382 659 598 194 425 359 606 251 124 510 428 375 427 678 465 544 514 365 547 141 115 214
356 442 195 410 283 579 248 742 524 315 367 268 505 107 153 392 496 487 514 554 492 402 488 268 459 58 234 321
680 374 777 1039 782 439 958 47 652 739 1077 995 770 779 576 797 1003 859 229 1266 295 1072 460 672 689 674 540 443
521 495 340 488 432 738 281 837 690 225 248 202 666 241 275 545 337 365 605 538 629 451 648 434 625 216 293 392
679 225 596 827 669 725 646 581 795 186 613 589 835 523 339 760 418 264 382 925 536 812 659 604 764 406 224 233
588 208 503 737 575 655 562 574 710 159 557 518 745 431 247 667 423 298 355 849 477 725 584 512 675 313 133 167
668 618 473 560 565 896 349 974 841 278 160 209 806 377 431 677 236 340 742 523 784 503 806 582 771 373 431 528
643 279 718 983 732 445 887 92 640 645 992 915 748 710 498 760 907 763 140 1197 266 1011 446 624 666 599 452 354
26 587 186 368 116 355 395 733 200 636 645 520 165 273 340 99 838 816 563 649 405 427 275 76 123 308 454 479
407 224 352 609 411 490 467 533 527 283 552 475 563 303 80 493 542 457 301 774 338 614 412 335 492 179 50 101
141 580 345 529 283 199 559 638 74 721 799 676 170 420 408 232 950 901 512 815 313 593 140 209 91 417 504 496
113 690 280 388 191 365 469 798 153 752 734 607 52 376 455 90 949 932 650 684 468 462 307 193 77 423 568 588
537 789 337 251 397 848 122 1090 710 557 220 140 626 297 503 487 580 673 864 208 815 175 758 476 627 400 578 670
530 381 651 905 644 275 847 208 489 715 1000 904 609 669 491 647 983 860 227 1150 154 946 299 534 530 579 489 404
510 388 361 556 449 682 363 736 667 150 355 308 664 270 206 557 349 321 504 640 551 532 596 423 611 190 192 290
774 438 636 816 724 892 610 799 919 129 487 508 931 544 440 830 205 54 593 841 721 780 815 689 871 460 355 412
174 438 154 418 179 388 351 648 327 471 552 436 331 179 171 251 687 652 446 650 345 449 296 94 271 153 286 323
323 791 221 74 197 652 233 1007 464 695 504 386 354 283 491 228 812 854 811 371 689 152 573 307 381 402 604 669
244 469 104 361 179 492 256 724 415 417 448 332 393 78 168 283 608 594 508 562 438 376 400 157 348 88 282 347
578 345 683 942 684 342 870 142 550 696 1006 916 667 691 498 695 963 831 188 1176 193 978 357 573 586 592 479 387
781 594 604 723 697 967 511 959 946 226 317 376 929 506 490 809 73 194 738 687 824 670 881 694 885 466 449 533
394 830 266 1 261 723 211 1064 538 702 465 355 428 307 528 302 794 852 861 298 751 83 642 369 455 431 635 707
686 205 727 994 756 536 875 180 711 568 947 882 808 703 480 800 822 668 137 1184 339 1012 520 652 725 584 408 311
615 344 484 685 569 742 489 709 759 32 434 416 771 396 280 673 297 212 486 754 582 659 662 530 711 302 206 282
690 346 567 769 651 794 571 710 829 68 494 489 847 480 350 753 283 152 498 828 622 741 718 607 785 383 258 313
98 503 261 482 221 249 477 616 173 617 704 584 220 325 305 215 845 798 457 753 287 535 162 123 141 312 405 408
853 485 716 893 803 960 685 836 995 208 543 576 1009 623 516 909 214 43 641 905 783 853 886 768 949 539 425 474
375 892 561 619 471 413 740 896 239 1017 1010 883 227 656 709 361 1226 1198 811 914 598 701 417 462 275 695 813 810
551 558 357 469 450 787 258 900 725 271 185 151 690 261 332 562 330 389 667 489 686 424 696 465 655 263 355 454
463 921 355 90 339 789 290 1149 592 789 521 422 471 399 619 360 867 934 949 281 831 127 713 449 511 523 727 798
467 546 271 396 363 717 190 870 642 314 226 137 603 175 285 475 415 456 639 460 632 360 625 383 571 198 336 433
237 800 402 460 311 400 576 868 176 880 847 720 80 500 580 199 1076 1060 744 757 546 540 368 320 156 551 691 704
668 126 623 872 684 659 708 463 761 298 712 674 819 564 352 762 539 382 278 1002 459 868 604 603 742 440 237 193
588 319 684 945 689 365 866 126 569 674 994 907 683 687 488 705 941 806 163 1174 203 979 375 579 601 585 463 369
825 443 695 882 781 923 677 794 964 185 552 575 982 605 485 886 243 64 599 908 744 846 850 741 920 515 391 435
355 317 266 517 334 502 375 614 497 293 481 393 512 211 28 426 528 474 385 683 382 521 415 274 450 86 120 194
321 901 425 392 335 541 553 1000 314 930 829 705 192 522 651 231 1099 1106 861 678 674 476 501 386 274 601 767 795
445 441 277 464 368 654 274 770 611 241 316 241 594 182 194 479 407 406 538 562 548 441 564 357 548 133 232 329
177 741 352 439 262 363 536 820 136 821 804 677 20 448 521 155 1021 1002 689 737 495 516 321 262 99 494 631 644
638 763 429 410 507 923 231 1095 815 470 61 98 749 357 511 610 436 552 864 312 854 336 831 563 736 420 556 655
249 820 402 441 310 430 567 896 205 888 840 714 96 500 592 197 1078 1067 768 738 572 523 396 329 178 558 705 721
564 305 444 659 526 686 471 667 706 88 449 415 721 361 227 627 350 266 440 749 528 638 606 481 660 258 151 232
207 425 343 583 321 187 553 507 228 601 755 641 314 385 294 324 847 778 359 842 178 630 97 213 231 337 370 347
466 797 283 145 323 788 110 1072 631 610 322 221 537 275 498 401 667 743 854 217 779 73 701 416 547 395 590 675
309 282 365 630 381 295 549 436 372 480 703 604 444 370 200 421 738 651 242 855 155 660 222 274 362 279 242 204
558 168 609 875 633 422 769 216 585 527 868 791 680 593 377 673 792 656 15 1079 218 898 398 527 597 479 328 230
243 639 450 619 384 157 663 637 82 815 905 782 213 526 503 316 1050 994 548 910 334 687 154 315 163 520 590 569
393 343 275 510 353 558 349 659 544 251 429 348 550 202 85 453 475 431 427 652 438 504 471 308 492 85 133 224
505 589 303 396 393 763 184 917 681 334 179 95 636 211 333 505 401 461 685 428 680 350 671 422 608 246 380 477
684 722 477 503 563 945 306 1069 861 397 45 153 808 391 501 672 331 457 837 415 854 434 853 603 785 425 524 623
427 158 412 676 458 446 548 444 520 342 640 562 576 378 153 526 608 504 213 857 271 688 378 368 499 257 110 50
192 723 388 499 303 307 583 775 82 833 846 719 71 480 525 205 1044 1014 658 796 455 575 276 279 90 511 630 633
71 576 138 336 76 391 349 746 247 600 598 473 205 227 312 108 795 779 564 610 422 390 307 51 170 270 429 463
269 310 304 569 324 324 486 498 360 453 646 544 414 307 152 375 703 629 296 792 213 598 241 221 337 220 222 212
454 759 261 172 312 771 69 1040 623 568 293 185 536 241 462 398 629 702 820 245 752 111 682 398 540 358 551 637
479 160 523 790 548 380 686 292 520 481 796 714 607 510 297 591 749 626 72 996 175 814 340 443 524 398 263 171
861 501 721 893 809 973 685 853 1005 216 537 573 1017 628 526 916 200 40 657 900 797 853 898 776 958 546 437 488
779 441 640 820 728 896 614 801 923 134 489 510 935 548 444 834 204 50 596 844 725 783 819 694 876 464 359 415
416 496 231 399 323 655 208 811 589 304 290 195 559 132 224 436 446 463 581 501 569 375 564 330 520 135 285 379
374 251 442 706 455 289 624 359 411 509 768 673 498 445 259 488 774 671 176 931 104 737 236 347 415 348 272 207
534 650 326 374 411 806 165 976 711 387 134 34 656 244 390 521 422 502 745 372 733 318 714 454 634 299 441 538
295 705 504 652 432 199 713 682 119 884 962 838 229 585 571 351 1118 1063 609 948 392 725 218 374 202 585 659 638
229 378 335 586 327 224 539 487 275 555 727 617 352 365 252 346 804 731 322 835 164 628 139 217 269 304 323 299
610 204 527 761 599 669 585 569 729 166 574 539 766 455 269 690 424 291 355 871 487 749 600 534 696 337 154 178
158 668 365 506 287 261 569 722 36 788 825 699 96 452 478 204 1006 969 601 800 400 577 222 244 56 471 580 580
246 749 447 558 364 293 644 772 95 880 906 780 130 538 569 266 1097 1061 672 856 463 635 280 334 143 563 671 666
492 255 575 838 585 318 756 227 496 587 887 799 600 577 380 609 854 731 109 1064 121 870 303 475 517 476 364 276
360 780 218 51 222 689 173 1018 514 655 438 322 411 257 477 278 755 807 813 318 707 95 606 328 430 381 585 657
654 240 714 981 735 478 875 126 664 608 967 895 767 700 482 770 867 720 120 1185 289 1005 471 628 684 585 426 327
390 413 532 774 513 141 738 350 343 692 919 813 462 564 422 505 955 855 285 1032 81 822 152 405 383 493 454 390
555 738 347 321 420 850 140 1055 731 482 144 61 660 285 465 521 496 591 825 277 796 252 758 484 650 367 528 623
467 748 268 201 326 779 59 1036 639 545 265 156 556 238 453 417 601 676 813 250 753 138 690 406 556 350 538 627
302 748 510 638 431 250 713 733 126 912 969 844 209 595 600 341 1140 1093 656 935 440 713 263 386 201 606 693 676
471 704 264 252 335 772 54 1003 646 488 223 104 573 213 415 435 545 618 777 292 730 196 681 402 565 313 493 584
125 672 175 277 82 449 348 835 263 676 616 489 171 273 402 32 852 852 660 569 508 345 374 147 179 346 520 559
607 202 524 759 596 666 583 568 726 167 574 538 763 453 267 687 426 293 353 870 484 747 597 532 693 335 152 175
645 732 437 444 519 919 252 1071 823 428 23 103 763 357 492 626 388 505 838 360 840 374 827 567 745 407 528 627
243 823 348 350 256 490 490 936 264 851 765 640 133 445 570 150 1024 1027 788 645 607 433 441 306 209 521 687 716
809 568 641 777 733 974 565 933 969 208 383 436 960 544 501 845 60 131 718 752 821 727 891 721 911 490 444 520
208 788 329 361 237 453 485 898 228 826 759 633 96 427 540 126 1007 1004 751 658 569 442 403 275 171 496 656 682
274 471 117 361 200 521 238 738 445 395 419 304 421 60 168 308 579 570 518 547 460 369 429 187 378 74 276 347
603 157 645 911 673 469 797 209 633 524 883 812 727 624 403 716 786 642 54 1107 266 931 445 568 644 506 341 243
380 252 451 714 463 285 633 350 413 517 777 683 502 455 269 495 782 678 171 940 96 746 236 354 419 358 280 213
567 324 666 926 669 341 852 148 545 674 985 896 660 673 478 684 941 809 167 1158 182 962 351 559 578 573 458 365
499 275 589 851 596 311 773 215 495 609 908 818 602 594 400 616 876 753 126 1080 120 885 302 486 520 494 386 298
265 719 473 607 396 236 678 719 89 876 933 807 181 558 564 308 1103 1056 632 904 418 681 237 348 165 569 658 644
497 718 290 268 361 797 79 1022 672 490 201 88 599 236 433 460 534 614 795 279 753 206 706 428 591 332 507 600
374 252 319 578 377 471 443 545 497 304 544 461 529 276 50 458 557 481 316 752 330 586 389 301 460 153 81 129
347 879 527 579 436 416 702 899 226 991 974 847 195 623 685 325 1196 1172 804 874 594 661 412 434 250 666 792 793
624 193 546 782 617 673 607 557 740 182 595 561 780 476 286 706 436 296 346 893 487 771 606 550 709 357 169 181
590 202 648 915 670 431 811 174 607 565 911 834 707 635 419 705 829 689 58 1121 234 939 416 563 623 522 370 272
608 66 616 881 657 526 748 303 665 432 808 747 744 581 356 715 690 544 115 1055 320 892 488 560 663 458 272 179
502 79 490 753 537 486 618 399 585 347 689 621 648 452 226 604 614 490 169 925 293 763 428 446 570 328 148 50
295 528 100 309 193 568 177 799 472 418 377 257 431 2 226 305 577 586 579 486 518 310 476 213 398 125 328 405
153 731 307 386 215 392 484 834 170 788 754 627 42 404 494 104 980 968 689 684 505 463 339 230 107 458 608 628
280 847 324 267 243 565 429 992 344 834 705 582 213 417 574 166 987 1006 829 557 662 351 507 322 277 510 693 734
609 492 435 581 527 803 372 850 774 161 270 267 757 337 328 639 243 272 620 604 675 539 716 521 712 294 311 406
191 743 375 468 287 344 563 808 118 836 829 702 43 470 532 182 1040 1016 684 766 486 545 308 277 100 510 641 649
467 896 336 73 335 796 244 1137 608 747 467 371 493 369 593 372 816 888 932 240 825 76 717 444 526 494 697 772
334 492 504 728 469 45 717 443 255 738 921 809 381 552 446 442 995 909 376 1000 160 783 84 368 307 501 501 451
272 528 78 304 171 548 189 791 449 434 399 278 407 21 225 283 598 605 574 495 505 312 456 190 375 129 332 405
