1
3
5
20
100
100000
20000
50
20
300
1 
1 
1 
1 
1 
12400 19040 4120 12640
9920 25360 13960 4280
5480 14560 19240 12480
11600 6360 15840 18000
16240 26520 32480 19640
25200 11520 31000 32280
24080 13600 14440 28000
19800 33400 16760 13800
20800 11440 29200 27880
23320 36680 39320 23720
6720 14720 10120 10560
15040 32920 24200 8720
19520 21520 33680 25360
26120 19480 12480 28480
13360 29080 28960 13240
18040 24920 5520 16120
19480 35680 21880 12440
12040 18200 26800 17920
20720 17720 32760 27360
16360 4520 21880 23280
245 459 673 379 659 315 63 430 538 609 913 731 223 810 683 329 204 759 715 428 348 199 573 807 682
510 136 433 527 133 261 470 360 174 709 517 235 634 489 931 219 700 665 320 698 396 719 524 608 300
328 592 769 431 789 446 196 525 660 635 1022 864 243 911 656 457 119 820 843 424 459 114 642 886 796
888 855 511 315 851 800 656 451 663 108 770 1041 877 629 164 653 559 337 1124 239 931 777 316 476 671
335 603 779 439 801 457 207 535 671 641 1033 875 245 921 658 468 118 828 854 428 467 109 651 895 807
733 357 369 621 96 484 669 434 216 742 329 275 854 353 994 402 873 618 431 798 619 925 535 519 193
935 899 536 362 887 847 703 493 700 144 788 1080 924 647 161 698 602 345 1167 283 978 821 348 487 701
396 212 751 743 415 269 512 622 491 964 830 298 540 812 1146 402 767 969 182 888 240 688 807 926 623
732 409 192 480 219 493 613 296 142 571 253 430 832 209 829 358 778 441 569 652 650 870 363 350 20
38 418 833 622 676 282 264 610 627 861 1023 664 133 949 955 417 454 973 589 697 173 301 786 991 785
870 610 75 440 451 657 700 317 325 427 242 663 943 100 691 494 796 228 799 581 820 939 242 118 213
644 356 188 385 239 414 511 199 71 507 347 443 736 270 755 264 674 422 561 561 575 767 303 364 113
612 723 638 259 827 614 392 439 650 356 918 969 564 784 327 526 214 592 1002 127 700 437 453 697 736
567 340 228 288 309 357 413 102 120 444 445 492 647 348 677 191 565 417 585 465 520 666 259 395 219
906 572 235 604 341 665 782 437 315 637 81 534 1005 126 902 531 931 442 689 764 820 1037 438 312 159
164 274 767 640 537 183 329 575 530 878 917 496 307 863 1016 351 571 944 412 753 23 461 763 936 685
428 82 460 487 217 179 390 339 203 688 580 290 551 536 896 154 626 675 338 652 322 637 518 636 352
944 698 156 473 540 739 764 378 414 411 278 752 1009 151 668 573 837 174 889 593 902 994 260 34 302
490 158 385 454 175 243 420 289 127 639 506 307 604 459 859 158 639 607 387 626 394 675 458 561 275
920 651 126 489 478 705 752 369 366 459 214 689 994 80 721 543 847 238 830 624 867 991 285 105 241
345 151 469 402 324 114 273 289 245 623 640 406 453 572 809 61 508 652 432 556 277 524 478 639 402
861 708 247 303 632 701 649 304 458 183 492 838 896 351 442 533 661 87 949 381 856 846 115 203 421
727 368 300 563 129 479 641 376 169 675 290 332 840 293 929 375 832 549 481 739 625 899 467 453 124
535 182 621 710 238 325 578 553 368 903 652 106 676 655 1118 376 828 858 124 876 387 799 721 793 468
625 757 684 305 870 644 412 485 694 394 965 1007 567 830 336 563 207 634 1036 168 721 429 499 741 782
497 145 610 681 242 286 539 528 353 879 658 142 638 652 1089 343 790 843 146 844 350 760 700 784 464
218 185 600 478 427 34 227 403 377 712 772 455 340 705 868 181 482 772 430 607 150 443 591 767 534
340 657 869 532 870 507 275 625 751 731 1120 928 219 1010 731 542 194 921 892 514 488 44 744 988 891
192 196 667 552 457 83 275 477 433 787 824 449 331 766 939 252 529 845 398 677 79 459 665 836 589
287 103 611 552 366 78 332 446 363 778 746 358 424 698 953 219 587 807 325 694 159 542 635 784 515
899 905 599 356 922 837 667 515 733 194 863 1106 873 721 70 700 534 432 1180 231 957 757 400 571 754
308 83 600 555 346 92 348 443 350 779 729 337 444 684 958 217 603 801 309 701 179 562 631 775 501
822 867 627 324 914 784 593 502 725 240 901 1085 786 760 104 661 438 495 1146 163 893 661 424 626 767
859 680 192 326 586 685 655 291 419 240 432 795 904 291 501 516 690 78 911 425 844 865 115 151 368
471 343 335 208 403 303 291 101 231 419 575 556 533 469 616 142 435 468 617 377 455 538 285 483 351
566 268 274 396 198 330 454 213 24 553 420 383 666 356 788 193 642 499 486 573 489 713 361 450 181
152 535 889 624 784 389 270 652 710 853 1103 792 21 1016 909 493 378 998 724 664 307 183 811 1035 865
747 818 634 292 887 725 521 479 701 279 914 1048 705 773 186 614 354 534 1099 115 825 577 434 657 760
407 219 756 753 416 280 524 630 496 973 831 293 551 815 1156 411 779 975 173 898 251 699 815 932 626
13 386 785 574 640 244 218 561 583 813 979 641 140 902 912 371 423 923 577 653 161 290 736 942 740
478 453 410 112 537 376 256 172 363 351 675 684 503 555 507 248 322 474 733 254 505 466 288 526 466
936 974 690 425 1005 895 707 595 816 286 955 1184 896 813 22 768 544 522 1251 275 1006 766 490 662 843
234 169 588 476 411 19 237 395 362 709 756 440 357 691 869 170 492 763 420 608 159 458 583 756 520
496 262 774 810 404 355 605 674 516 1022 819 242 640 818 1217 466 860 1004 93 964 340 787 854 949 630
395 306 408 248 417 239 222 177 267 476 636 544 460 537 652 102 398 543 586 400 385 476 358 559 404
979 664 232 614 445 745 836 468 392 606 71 641 1069 85 868 599 960 382 795 761 904 1086 423 241 236
432 169 392 392 255 196 342 245 158 593 554 376 538 488 800 77 559 592 434 559 357 599 428 565 316
68 412 772 538 657 264 177 541 585 774 979 675 110 895 864 368 367 898 621 607 210 239 710 924 740
702 821 702 335 918 713 486 521 738 373 983 1065 643 845 269 622 282 624 1101 169 795 502 507 741 814
539 151 505 615 135 300 533 448 253 796 550 148 672 543 1020 297 772 743 240 785 407 774 609 677 355
381 492 572 240 641 372 150 329 488 463 831 753 368 715 546 313 174 627 768 286 455 305 445 688 612
218 274 578 392 485 134 123 354 391 631 783 546 300 699 769 173 376 720 536 506 226 364 533 734 545
381 336 436 232 459 253 190 196 309 467 672 582 434 569 629 137 356 554 617 372 387 439 367 580 443
985 682 216 595 472 756 833 458 404 573 114 673 1070 74 834 605 947 343 825 736 916 1080 397 201 253
502 452 378 99 520 386 284 142 341 333 644 674 532 523 504 246 353 444 730 258 521 498 257 494 439
602 561 377 15 601 498 376 191 414 224 657 770 616 524 397 355 375 376 836 172 631 556 205 455 480
451 248 776 790 421 323 568 662 516 1007 837 276 594 829 1195 447 823 1001 139 939 295 744 845 952 640
865 610 70 429 456 654 693 309 325 414 255 668 936 113 678 490 786 217 802 568 817 931 229 113 219
466 697 782 412 868 558 302 548 718 576 1051 965 377 929 550 536 55 791 960 349 590 221 627 876 839
894 574 191 565 357 658 760 404 305 591 99 557 988 81 856 516 899 395 709 723 816 1013 394 266 148
943 831 387 358 771 808 719 418 593 139 617 976 959 480 341 645 681 167 1081 368 956 885 236 309 562
577 201 573 694 178 352 597 528 327 876 589 72 716 598 1100 372 841 815 175 865 434 829 686 742 414
562 732 722 339 868 608 363 505 701 464 999 991 493 869 419 548 131 695 1007 235 669 348 547 794 803
753 729 452 183 748 667 521 338 559 99 728 929 748 586 237 525 445 345 1003 129 796 657 249 465 592
155 282 771 640 545 187 326 578 536 878 924 505 298 869 1014 355 565 947 422 751 25 453 765 941 691
671 704 523 170 765 620 439 357 579 218 804 928 649 666 261 499 330 455 984 11 732 546 328 565 641
775 613 187 246 546 608 570 211 367 217 459 749 819 318 481 439 611 159 856 364 764 782 30 219 348
928 848 441 340 810 812 699 434 627 102 684 1009 933 544 267 654 637 238 1107 318 953 848 267 380 611
463 317 335 236 377 283 295 114 209 444 565 527 532 465 644 118 454 483 589 405 439 546 302 489 336
1050 772 256 604 579 832 881 497 488 535 221 783 1124 160 786 673 966 285 932 724 995 1118 391 149 349
655 271 546 715 142 422 657 539 323 879 527 74 792 551 1114 415 894 794 234 890 516 897 681 708 377
553 226 677 764 288 360 616 609 425 960 699 116 697 707 1173 427 869 916 67 928 400 828 778 848 522
534 148 526 630 154 299 538 466 273 815 570 136 669 564 1036 308 779 764 219 800 399 775 629 699 376
538 603 533 151 702 504 307 319 526 325 810 845 517 680 390 403 223 526 884 129 605 424 364 613 618
869 660 139 367 543 680 675 296 387 306 365 754 923 225 568 511 731 109 878 482 841 897 151 97 316
287 600 832 509 817 450 224 588 703 719 1077 871 175 971 740 491 200 898 835 509 432 35 716 957 846
440 437 442 147 540 350 217 199 373 387 701 677 464 585 530 235 297 513 718 272 472 430 327 563 487
854 526 197 556 306 615 728 385 263 602 132 507 951 123 866 478 878 422 658 719 770 983 399 302 105
615 465 227 166 450 447 418 51 260 302 499 636 666 373 535 279 503 322 723 338 601 647 138 348 313
902 888 558 342 892 826 669 489 703 154 818 1080 884 677 116 684 554 384 1159 240 952 775 362 524 716
652 536 261 122 526 505 441 124 337 226 542 713 689 407 459 342 484 287 798 276 654 650 101 345 376
338 332 480 263 479 231 147 241 341 501 712 588 389 612 650 148 334 598 611 390 353 400 410 625 480
500 539 487 119 636 445 268 261 462 335 760 779 497 633 439 337 247 508 819 177 554 425 333 582 560
271 163 542 437 384 48 233 349 320 668 716 435 384 648 835 124 483 717 432 576 205 470 538 710 478
543 303 257 313 281 326 402 132 98 479 456 458 630 368 708 164 570 453 548 490 489 658 297 427 222
399 429 482 188 554 328 174 238 395 426 737 679 419 624 555 234 268 558 709 293 440 387 372 606 517
573 235 322 463 132 327 488 281 67 621 422 316 684 380 857 221 691 557 426 639 479 745 427 496 193
563 409 254 183 414 389 375 10 226 352 512 591 621 395 575 222 485 377 672 360 545 613 196 393 306
650 262 501 678 97 410 637 498 280 837 489 117 784 508 1074 387 869 749 271 853 517 882 638 664 332
836 788 448 254 782 737 605 383 594 44 713 972 834 571 220 587 531 295 1056 211 872 743 250 428 605
203 561 865 573 798 411 238 623 706 796 1093 826 70 997 837 488 302 956 773 598 358 104 770 1002 857
746 651 313 164 633 616 523 239 445 111 589 824 766 448 362 456 515 234 914 239 761 705 110 336 459
949 633 212 594 416 715 808 443 362 596 73 614 1040 69 859 570 937 381 767 744 873 1059 408 243 206
608 422 199 223 390 421 428 46 201 357 457 579 672 339 595 251 541 343 672 397 580 669 174 344 257
182 282 613 423 506 134 124 390 421 663 815 554 270 733 795 204 380 755 534 532 198 347 569 770 576
252 422 630 349 615 282 27 386 492 583 867 693 254 765 674 284 228 722 684 414 335 245 536 765 635
202 444 697 417 657 296 70 454 547 649 928 716 184 830 727 332 240 793 691 471 312 192 606 835 694
566 645 564 181 744 543 337 357 567 324 843 888 536 710 360 445 218 540 926 108 640 431 387 635 655
504 219 326 386 219 268 399 215 86 565 482 377 606 416 788 134 599 538 461 560 429 658 385 501 244
820 499 173 522 290 583 692 350 230 576 167 496 916 129 840 443 842 408 643 687 740 947 371 296 72
