1
3
5
20
100
100000
20000
50
20
300
1 
1 
1 
1 
1 
23960 24960 10440 13600
8520 34320 37080 22880
22760 30840 17760 17640
12040 16160 30200 13160
20800 5240 23560 10960
30760 7720 17600 16320
9480 27760 38960 21800
15360 36520 32000 22760
17160 34120 26720 20000
10560 21440 21160 7680
15680 41560 43440 30040
12680 13200 23440 6400
7320 21760 32880 15600
33080 13160 13120 17680
25760 4920 27360 16720
29760 31680 12880 20760
30800 16240 7160 15320
23040 5480 17880 9280
29840 22040 1760 15800
31800 37040 18640 25240
415 173 330 662 325 492 591 588 207 152 392 472 655 612 289 772 64 312 474 296 671 462 199 521 782
339 750 700 147 771 826 148 717 643 877 1119 434 341 479 549 36 674 502 1163 999 922 1084 927 1019 917
689 451 338 872 598 761 840 884 336 170 374 609 952 919 595 1014 349 482 514 66 937 589 292 721 1062
240 487 296 290 582 710 287 698 247 509 789 106 511 564 373 442 336 100 869 612 865 833 597 836 924
691 289 599 968 365 490 879 659 506 255 97 785 875 789 503 1060 376 626 165 307 643 222 117 378 784
206 548 409 179 619 727 181 684 358 611 879 163 436 515 394 327 423 213 947 721 867 897 685 877 909
409 149 351 665 301 468 589 566 226 166 388 483 643 596 272 770 69 323 463 311 647 445 194 499 759
701 299 606 977 373 496 889 667 515 261 88 794 885 798 512 1070 385 635 158 309 648 221 126 381 789
368 458 128 452 586 737 454 767 117 390 688 179 652 681 422 611 273 86 788 468 908 781 506 821 989
374 169 326 624 315 480 550 565 193 192 429 443 616 577 254 732 28 283 504 334 659 482 235 527 765
704 367 474 939 492 642 878 791 420 149 190 710 934 874 557 1059 351 561 330 119 809 414 155 564 944
476 570 922 706 457 369 557 179 789 842 916 816 290 160 424 637 672 738 877 987 352 740 784 585 296
766 364 654 1041 429 542 954 719 570 307 35 853 948 858 577 1135 447 694 120 328 686 228 185 405 829
557 459 908 845 312 164 696 85 767 739 741 877 481 335 408 816 615 762 676 875 121 530 646 358 161
133 280 475 443 312 416 325 400 345 466 659 407 342 321 84 500 262 298 692 608 564 615 475 570 625
357 481 804 603 390 346 452 184 673 744 847 697 213 67 313 553 563 618 824 889 388 698 700 566 375
206 229 374 479 318 455 389 481 237 360 581 366 454 434 135 570 151 225 634 499 621 579 390 570 701
598 189 573 885 261 395 789 558 462 253 202 725 772 683 402 968 310 565 228 350 557 210 110 319 694
508 595 122 522 731 886 561 920 235 469 771 226 787 827 574 695 405 230 886 507 1058 899 605 956 1142
517 538 43 580 681 841 599 893 182 384 684 286 801 825 547 747 348 235 803 415 1017 824 524 894 1109
511 114 595 814 129 271 703 426 466 329 331 695 654 557 301 877 296 538 323 453 442 238 216 256 573
316 704 765 287 693 720 188 587 681 880 1088 531 193 339 492 159 670 555 1112 1013 793 1016 903 926 773
198 214 464 503 257 377 390 391 327 413 594 437 396 356 45 566 215 309 626 557 537 551 412 515 612
447 111 603 756 47 210 637 345 467 382 419 666 569 469 231 807 297 516 406 516 389 305 290 269 510
333 402 155 458 529 681 441 714 80 353 646 210 618 638 368 606 219 68 741 446 852 729 460 765 935
171 275 534 484 275 361 355 336 401 495 661 470 317 273 61 522 298 361 680 639 503 590 484 529 562
318 566 292 284 667 796 325 783 285 559 849 21 575 640 460 455 404 150 936 647 952 909 660 919 1010
610 556 125 696 707 872 707 946 239 347 632 403 894 904 607 861 378 335 762 338 1051 804 495 897 1155
746 356 806 1054 312 344 937 533 689 488 304 934 850 731 531 1106 526 776 191 565 446 42 340 148 591
724 322 754 1027 305 366 916 554 640 429 246 894 848 736 512 1089 482 734 150 504 487 29 281 196 632
635 581 148 715 732 898 730 973 266 366 646 421 920 931 635 882 405 360 778 348 1077 824 514 920 1181
697 659 1093 952 513 359 802 239 953 939 932 1032 542 406 585 889 808 932 855 1076 223 704 846 521 84
574 267 380 810 410 571 747 701 302 34 270 591 811 759 438 928 220 437 385 154 747 424 115 538 873
538 264 333 765 414 579 707 697 253 25 319 542 783 739 415 887 183 389 431 168 756 461 154 563 878
712 304 719 1011 308 387 904 572 608 390 208 867 849 743 503 1079 453 707 130 461 517 68 242 232 662
285 349 687 575 274 280 430 193 551 610 722 613 272 163 183 567 432 514 711 755 383 595 568 486 418
287 637 768 362 609 621 231 481 668 839 1024 564 85 231 424 264 631 557 1037 978 687 933 846 832 665
814 415 842 1119 385 418 1005 608 731 510 283 987 925 807 600 1176 574 827 148 569 511 66 362 213 656
225 556 714 373 528 548 226 419 606 763 943 532 63 179 344 311 556 505 955 904 625 852 766 755 616
308 475 209 370 589 730 374 739 178 451 743 113 587 629 400 528 303 51 833 542 894 813 555 835 964
677 399 380 884 540 700 839 832 351 123 300 635 929 885 561 1017 326 497 439 22 874 513 222 650 1003
544 302 788 855 151 36 718 226 649 568 542 818 571 439 343 868 483 679 479 696 200 336 459 187 330
330 158 344 591 294 455 510 528 205 238 462 428 569 531 208 692 43 270 528 381 632 493 269 521 733
289 123 437 582 214 364 480 424 296 324 497 472 491 437 115 658 147 324 535 469 538 471 314 462 633
709 332 801 1019 269 289 898 479 678 496 343 913 801 680 494 1065 512 757 242 585 393 90 351 98 539
588 237 445 843 366 522 769 664 356 103 216 640 808 744 430 951 245 483 319 201 694 354 45 473 825
541 483 80 650 632 797 650 869 164 293 589 366 824 830 531 810 302 275 712 314 976 744 438 828 1078
314 98 477 615 170 322 506 392 337 337 483 515 493 428 116 683 180 368 510 483 497 437 307 420 596
289 442 739 544 370 356 394 222 609 695 818 629 186 68 258 509 507 551 807 840 427 688 661 571 430
238 316 267 439 427 571 383 596 144 353 618 264 518 525 251 561 162 111 693 474 738 659 425 673 818
680 358 851 993 242 189 861 373 718 576 465 924 728 596 468 1018 548 775 369 682 266 217 441 33 412
646 631 160 695 780 944 724 1010 296 429 713 399 931 952 667 867 449 365 844 415 1123 886 577 976 1222
151 533 630 289 532 580 139 477 530 711 915 436 159 257 321 267 502 419 942 848 679 852 731 775 687
693 504 987 992 352 188 846 245 847 767 702 995 642 496 516 974 683 866 610 890 43 458 650 271 175
409 58 440 692 211 378 598 486 309 228 374 544 610 545 231 778 139 385 421 372 557 378 191 412 672
511 507 913 776 375 259 626 75 775 788 826 845 385 240 404 729 638 747 774 929 230 632 711 469 199
492 82 528 785 178 335 684 477 402 259 307 644 665 581 294 862 236 486 330 387 510 277 159 324 637
359 422 129 471 552 705 461 741 81 355 652 210 644 665 395 623 236 86 750 439 877 743 469 785 961
342 277 678 648 179 192 508 175 538 553 635 646 371 256 174 656 397 528 616 696 325 497 493 390 393
740 392 514 979 509 653 916 808 461 189 162 751 966 901 588 1097 388 602 306 148 816 403 174 561 953
858 455 726 1132 513 614 1046 795 651 381 80 937 1038 945 668 1226 536 779 120 374 745 267 273 454 891
452 209 687 765 58 112 633 244 547 486 509 715 519 401 244 792 383 575 474 621 291 349 394 250 406
467 102 441 743 246 411 654 535 320 181 315 576 673 606 294 835 161 416 374 319 589 350 129 413 711
346 306 701 647 206 199 504 153 561 581 663 659 352 231 193 647 423 545 641 725 317 519 522 405 375
540 462 101 663 612 778 656 854 159 266 561 382 822 823 519 819 285 281 685 288 957 718 411 804 1061
444 423 71 567 566 728 557 786 72 291 593 295 727 736 443 721 234 182 704 354 904 716 422 780 1000
279 686 610 75 721 793 92 702 556 796 1046 345 356 479 494 126 596 414 1098 915 903 1027 854 975 912
159 566 598 213 583 644 62 550 512 718 942 380 227 334 362 214 510 387 979 849 751 897 753 832 762
926 515 855 1217 531 593 1118 782 767 508 212 1046 1073 965 722 1295 634 886 102 518 696 220 379 398 841
657 310 799 969 213 207 843 396 669 517 408 885 729 603 442 1005 499 733 320 622 315 171 381 52 461
874 468 862 1174 456 498 1066 688 761 521 256 1027 998 883 663 1240 612 867 111 560 590 132 377 293 735
483 73 539 780 157 314 675 456 411 278 324 647 649 562 281 852 243 489 340 408 490 277 180 312 616
353 412 768 627 314 273 478 134 632 681 772 687 272 134 263 597 510 593 747 826 338 621 629 492 351
445 491 866 703 375 289 552 103 730 767 834 782 310 165 360 653 604 692 794 911 296 658 704 508 274
552 384 854 854 232 70 710 143 713 659 644 852 526 385 374 846 554 725 578 791 121 432 557 265 233
742 694 1134 998 546 388 848 281 994 974 955 1077 586 452 627 933 848 976 872 1108 237 721 876 535 91
117 293 446 419 340 449 309 435 318 458 666 372 355 347 113 487 250 263 706 598 599 634 478 598 661
410 491 98 476 623 776 488 809 136 399 700 190 693 724 464 639 302 127 806 465 947 806 523 853 1030
105 351 389 355 418 534 268 519 276 467 704 286 386 407 198 449 259 190 758 597 686 699 512 676 745
84 356 525 393 369 447 261 396 403 545 738 411 266 268 147 430 338 330 767 686 579 682 555 622 622
531 243 351 767 391 556 704 676 264 38 307 550 772 724 401 884 177 396 414 183 733 439 134 539 856
682 394 889 993 261 162 857 331 753 628 530 944 704 567 476 1007 583 800 434 740 204 282 498 94 349
557 501 86 660 651 816 663 888 182 307 600 372 841 848 549 821 321 288 725 320 994 759 452 846 1097
540 270 329 766 420 585 708 703 251 24 322 540 787 743 420 888 186 388 436 164 763 467 159 569 884
608 585 119 673 734 898 694 964 251 388 676 378 893 911 622 842 403 328 805 384 1076 843 535 931 1176
674 334 823 987 232 208 859 396 693 541 425 907 738 610 460 1019 523 756 332 645 303 180 404 28 449
218 378 270 377 481 618 335 626 174 412 684 203 503 528 286 509 228 70 759 527 780 724 491 731 851
756 390 556 1005 496 634 936 795 496 222 115 786 972 901 594 1117 409 634 259 196 792 363 171 528 931
132 297 397 408 365 485 313 482 271 431 657 330 395 395 148 494 222 215 706 567 641 645 465 622 707
319 720 605 33 763 840 142 754 563 813 1072 329 410 534 534 145 618 418 1129 926 954 1064 878 1018 966
347 754 745 209 762 805 169 684 678 901 1130 486 296 439 547 52 694 541 1166 1027 890 1081 941 1004 876
93 323 491 406 349 442 283 408 366 505 703 395 306 300 121 457 298 301 736 646 583 656 518 606 634
313 723 652 97 753 818 122 719 598 838 1086 383 358 489 527 86 637 456 1135 957 922 1062 893 1004 926
421 491 851 674 381 307 524 126 716 764 841 759 281 136 348 624 595 673 806 908 324 672 706 527 303
677 267 673 973 290 388 870 567 563 345 191 824 826 725 472 1046 409 664 149 422 530 112 197 257 673
454 161 365 708 313 480 634 590 249 128 345 519 685 634 312 815 111 359 427 274 659 420 152 490 776
161 272 516 474 283 375 347 354 383 484 657 452 325 288 60 517 285 343 681 628 520 594 479 538 580
572 401 213 740 554 721 713 820 205 160 446 476 843 824 505 885 255 349 574 175 900 617 308 720 1015
702 656 1094 961 509 353 810 240 954 936 924 1036 552 415 586 899 808 935 846 1072 213 695 840 511 71
842 434 744 1124 477 569 1033 753 660 397 100 941 1010 912 646 1212 533 783 65 408 695 214 273 402 841
