1
3
5
20
100
100000
20000
50
20
300
1 
1 
1 
1 
1 
30720 11200 34280 24000
11240 30720 21840 23400
17760 7720 28800 19080
14440 14320 10480 960
20080 23400 37920 30640
10880 26360 29560 26000
24720 5120 27920 17560
17320 31000 36040 32280
14040 24160 5680 10960
6440 15960 23440 17080
26240 8080 32800 22400
10880 8800 19280 10280
2640 19120 16320 13160
18480 27440 37360 31720
26120 16320 38920 29200
24240 25080 6720 11520
27680 30680 45880 38680
17720 6480 18560 8160
17240 36880 27680 29920
32560 14600 39200 28760
805 956 1048 597 351 700 732 668 233 978 851 556 1010 344 639 700 466 518 1005 914 125 1179 355 890 845
238 955 300 919 545 354 894 192 649 414 662 347 716 859 472 212 432 645 571 92 939 540 479 1020 267
155 582 383 584 588 618 529 239 493 254 296 506 389 602 124 476 265 328 304 383 791 456 443 646 610
129 842 167 866 643 506 814 223 679 258 543 470 575 851 404 358 440 601 421 111 981 386 545 923 424
413 396 489 628 913 943 492 564 758 269 164 840 70 766 360 796 572 487 104 616 1026 362 762 524 910
385 426 610 353 607 752 311 411 395 444 231 607 389 408 112 631 268 120 406 607 654 633 451 450 785
398 432 459 660 916 933 526 555 772 240 195 834 101 791 370 784 578 508 71 594 1045 326 767 560 893
544 596 792 309 460 712 392 479 171 666 480 549 641 191 304 634 240 144 657 724 399 865 326 556 799
690 95 859 308 944 1112 140 761 678 646 284 966 369 542 456 989 622 384 513 920 848 776 792 111 1139
319 424 525 438 654 752 366 387 477 346 167 621 309 510 95 620 307 221 306 548 750 532 499 481 764
182 654 432 585 475 523 563 160 404 350 387 399 497 554 144 390 165 312 418 370 708 550 332 698 537
752 313 962 99 847 1076 95 771 550 769 428 918 557 354 481 975 576 319 670 976 659 930 710 202 1136
445 326 647 325 706 848 240 498 479 458 163 706 324 444 193 724 368 178 381 673 717 631 550 361 875
472 810 711 570 213 459 636 330 154 659 617 296 760 406 363 405 151 347 715 579 435 858 65 798 567
408 887 624 695 193 321 738 236 299 616 656 159 781 550 393 260 194 446 705 464 565 804 101 895 421
213 760 447 658 391 414 655 80 392 417 496 291 603 587 248 284 161 384 511 331 693 608 266 797 438
162 621 408 581 524 563 545 191 441 307 345 445 450 572 123 426 206 314 368 372 742 508 380 673 567
493 948 705 725 107 315 785 319 291 701 730 156 860 554 467 295 257 494 789 536 522 889 89 946 444
371 496 610 372 534 689 361 366 329 465 300 541 454 379 104 575 198 103 452 581 601 662 378 509 733
195 774 93 876 788 674 793 362 777 128 482 631 469 909 429 525 536 634 299 255 1080 219 674 877 585
561 1212 655 1064 402 53 1092 409 659 763 943 215 1032 918 699 173 547 805 907 439 876 899 452 1242 136
667 343 886 83 754 979 110 677 462 702 381 821 527 295 393 878 479 222 618 888 601 874 614 267 1040
189 778 414 690 412 402 682 43 429 399 507 292 606 624 268 266 199 416 504 293 729 585 295 821 413
747 486 982 86 710 978 251 722 403 815 520 815 672 173 474 897 496 273 750 954 474 997 589 387 1061
746 272 950 138 871 1090 67 775 578 752 404 934 526 392 479 984 589 331 645 972 698 908 730 162 1144
500 315 584 595 967 1021 445 641 785 365 159 909 25 761 406 876 621 496 197 709 1037 444 813 451 996
644 640 892 296 482 769 418 569 175 767 563 606 725 99 404 706 328 228 752 818 316 965 372 577 870
728 570 970 183 621 905 335 679 314 821 560 741 719 72 465 834 443 262 777 921 378 1012 509 482 1000
227 703 472 596 406 470 592 138 358 412 446 337 563 535 191 346 117 322 486 380 662 609 266 736 501
752 203 942 211 924 1127 80 798 638 737 379 974 484 464 496 1015 628 372 617 981 770 881 780 90 1172
237 952 305 913 537 349 889 185 642 416 659 339 716 852 467 206 425 639 572 99 931 544 471 1016 265
417 795 252 993 1017 900 878 592 977 232 542 863 456 1073 593 754 742 786 302 467 1277 38 895 924 798
750 763 1000 391 468 792 534 652 194 890 698 632 860 136 529 753 416 363 884 906 182 1090 397 687 913
350 395 472 563 820 865 443 485 663 255 109 754 140 682 264 721 477 398 138 568 934 396 668 503 843
515 422 746 225 611 814 237 510 345 582 325 659 486 283 240 711 314 55 533 728 558 769 463 398 872
580 1236 664 1091 427 80 1119 432 686 779 966 243 1053 946 724 195 574 832 925 449 901 911 479 1268 132
434 354 645 320 675 823 251 477 448 462 188 679 350 422 173 701 339 149 396 661 690 640 520 381 853
123 670 373 632 513 523 598 145 463 300 389 414 483 612 176 382 222 362 385 321 766 497 377 725 518
360 1074 388 1018 550 286 1004 285 708 530 782 335 838 936 582 180 512 744 691 174 983 638 518 1134 158
453 423 682 284 600 779 269 459 357 519 281 627 442 337 178 668 281 56 476 669 597 707 448 421 827
709 774 958 418 412 735 550 603 139 857 687 575 848 171 500 697 370 350 861 857 193 1058 341 708 857
500 1155 598 1018 390 61 1040 349 626 702 883 185 971 882 643 112 498 755 846 383 859 840 419 1188 113
49 743 199 779 642 559 719 217 633 188 445 495 483 782 318 408 392 520 337 207 937 356 525 826 500
601 849 843 551 227 546 649 464 86 781 694 388 847 339 458 518 266 383 821 712 304 981 161 812 674
219 925 150 956 689 506 903 288 753 314 627 499 647 935 494 367 519 690 485 65 1053 400 605 1010 396
543 726 792 440 326 604 528 435 47 702 579 440 735 262 358 546 202 261 724 689 345 903 206 692 709
721 215 915 188 888 1091 43 763 603 713 358 937 473 435 462 979 591 335 598 950 742 862 743 123 1136
111 782 137 837 690 580 771 264 694 180 483 532 503 844 377 430 452 580 345 185 998 317 580 871 502
380 437 447 653 899 915 523 537 756 228 188 816 112 779 353 767 561 496 62 578 1031 324 749 562 876
672 798 919 461 349 672 581 555 89 830 687 513 846 226 482 638 329 353 846 808 216 1032 280 742 796
795 819 1044 441 467 802 588 688 222 940 755 646 917 185 582 774 456 419 938 942 125 1141 416 739 931
179 619 249 731 762 719 640 356 691 56 325 641 328 788 306 569 460 504 172 359 990 257 627 721 665
323 407 466 541 778 829 431 450 621 255 109 715 181 648 222 686 435 362 166 547 895 414 626 504 812
523 1160 634 1009 355 19 1038 364 605 729 895 161 988 863 648 132 492 750 868 420 828 873 397 1189 155
529 1053 711 843 143 208 899 348 408 744 819 82 939 671 557 235 359 606 851 520 615 919 208 1057 357
687 884 930 555 274 613 671 551 126 862 753 461 910 319 529 597 349 428 895 799 220 1063 244 833 749
310 488 383 664 845 847 547 471 721 163 212 752 180 768 315 698 514 480 50 507 1005 293 698 604 805
761 944 1003 599 303 652 726 621 200 938 825 507 983 350 605 651 424 496 971 866 171 1139 306 885 796
207 929 228 924 607 426 886 221 688 356 632 415 672 883 466 284 460 653 520 32 984 471 530 1003 329
493 1161 579 1035 421 92 1052 351 651 691 885 213 968 905 649 116 514 769 839 363 889 824 445 1198 80
441 309 634 349 731 863 249 506 510 439 130 724 291 477 203 736 391 211 354 671 750 607 576 357 884
752 954 991 614 281 630 738 608 201 932 828 486 985 368 603 631 417 502 969 852 194 1132 291 899 775
437 735 310 956 1037 944 832 617 975 231 496 895 396 1052 580 795 745 764 255 519 1271 56 909 868 851
680 603 926 239 547 833 374 619 240 789 556 669 717 55 427 765 379 233 759 865 341 984 436 529 930
618 371 842 120 700 921 150 621 413 664 362 763 515 271 343 821 421 164 592 835 573 842 558 313 982
303 1012 363 955 517 291 940 222 654 484 722 307 783 878 519 160 452 681 640 148 935 608 470 1071 197
259 774 492 646 347 399 655 114 352 462 519 264 635 559 263 281 132 375 550 367 651 653 220 802 442
629 107 792 339 917 1067 173 709 664 578 217 926 304 555 407 940 586 362 445 859 856 708 763 179 1086
312 492 544 425 562 681 390 333 386 395 259 541 404 449 37 557 215 168 387 530 667 591 406 526 709
436 285 599 424 800 903 300 532 595 390 40 773 199 568 247 768 454 301 279 665 841 540 644 371 907
56 725 200 770 656 580 706 233 638 168 427 514 462 780 310 429 396 513 315 227 941 340 536 810 522
193 851 375 777 435 351 765 44 501 406 570 274 654 708 347 204 281 503 534 220 795 575 343 901 337
734 356 952 46 798 1036 124 741 499 766 437 876 576 300 460 939 538 283 677 954 606 934 663 254 1101
90 694 339 667 527 513 630 133 493 282 408 413 491 648 209 368 252 398 382 286 797 475 397 754 497
661 354 881 83 741 967 122 668 449 699 383 809 530 284 386 868 468 211 619 880 590 873 602 280 1029
224 562 305 693 784 763 593 392 690 92 271 677 269 767 291 614 467 479 122 417 983 272 643 667 716
540 897 770 637 130 429 715 382 184 736 707 271 850 447 452 405 238 431 800 620 412 932 61 878 558
857 853 1106 465 514 854 620 751 284 1001 807 700 968 215 641 831 519 472 995 1004 97 1201 473 765 987
667 506 906 147 622 884 276 632 318 751 485 721 643 132 399 803 403 194 702 868 436 939 496 431 968
687 61 820 444 1024 1155 276 788 779 600 261 1020 281 670 494 1023 687 475 446 913 972 700 869 211 1163
255 736 152 876 856 756 779 432 821 94 453 707 415 932 449 607 583 649 242 339 1122 141 734 849 669
318 682 239 862 916 838 750 498 855 109 416 780 350 942 464 688 623 654 183 427 1152 97 787 805 757
374 646 623 460 381 559 491 294 218 528 445 403 591 374 196 462 60 200 559 541 519 730 225 648 626
573 354 794 168 691 896 155 584 415 615 315 741 471 305 298 790 395 137 543 793 599 792 544 317 950
162 634 410 587 510 548 555 177 433 317 360 430 465 571 133 411 197 318 383 365 736 517 367 685 554
529 535 773 269 511 746 335 484 231 634 425 585 587 210 272 658 256 88 612 723 452 830 371 499 822
399 442 629 338 585 742 311 411 366 469 260 595 419 380 124 626 251 91 436 617 624 660 430 456 783
687 933 924 614 219 564 726 539 167 871 788 418 942 382 553 561 357 472 916 781 259 1071 220 888 707
337 941 512 805 307 232 823 159 449 551 677 128 779 689 429 118 284 539 672 328 719 721 255 971 283
576 1244 649 1108 456 107 1131 435 710 772 969 266 1052 968 732 199 589 846 921 434 930 897 502 1279 108
583 504 824 205 567 811 289 548 274 674 433 649 594 176 318 724 322 115 637 783 453 866 432 452 888
204 846 395 763 415 346 755 34 479 419 569 260 657 689 339 202 262 489 542 242 773 591 321 892 343
219 923 327 872 499 338 852 141 596 413 634 308 699 807 431 189 380 598 562 136 886 556 427 982 277
551 406 780 187 637 849 208 548 361 612 338 692 498 270 276 747 348 91 555 765 556 796 492 371 908
402 432 629 335 595 751 304 418 375 466 251 604 410 384 127 634 261 96 430 621 631 657 440 448 790
182 860 90 916 720 569 852 301 753 236 562 544 572 915 455 424 512 657 407 138 1055 327 622 951 470
398 1106 435 1035 530 246 1028 306 707 574 817 312 877 942 608 159 523 762 733 221 973 685 511 1162 111
310 1026 346 980 549 314 961 247 686 481 734 339 788 907 539 189 481 706 641 131 967 594 503 1089 203
274 468 485 476 631 713 410 344 474 316 198 585 327 530 71 578 285 243 298 503 755 509 477 526 720
418 304 573 456 807 898 331 523 612 361 14 772 174 595 249 760 460 323 247 646 864 508 652 397 896
