1
3
5
20
100
100000
20000
50
20
300
1 
1 
1 
1 
1 
19880 22760 21080 16920
32240 41440 25760 23680
25800 38280 16400 36800
29880 26880 33480 14680
16800 7560 25120 32120
21000 16280 26800 23280
4880 8520 14240 35720
20560 30600 14400 25400
30600 30120 32440 9040
24240 28520 23320 13160
14160 19360 15320 22640
13600 26680 3920 37320
31160 35600 29120 8920
37640 37360 38680 5280
2720 15960 7120 37240
32360 34320 32200 4400
38680 35320 41800 14000
36680 42840 32720 14160
37800 46360 31640 23200
14320 1200 23800 38160
685 809 633 1186 877 392 809 1049 103 594 368 775 743 134 410 532 965 440 202 873 284 130 628 839 762
566 327 201 529 147 515 118 299 803 912 807 772 194 691 422 498 482 423 758 669 577 933 374 265 973
624 784 666 1160 880 366 847 1045 45 486 265 689 740 190 424 487 926 497 314 805 357 212 697 894 656
116 184 424 534 374 287 538 480 603 493 467 323 256 572 353 147 291 515 729 264 572 807 640 672 527
113 234 420 592 411 234 550 529 545 452 411 317 282 519 316 89 349 485 680 294 530 751 625 678 501
533 661 529 1039 745 242 711 913 93 488 262 634 607 98 287 379 814 370 276 723 249 283 575 762 649
225 137 513 367 340 466 573 375 784 619 635 371 286 749 512 328 112 654 900 216 735 987 742 719 607
183 298 388 668 444 145 539 581 460 435 352 365 303 430 240 21 433 416 592 374 446 663 574 655 515
439 291 97 616 249 322 232 429 608 741 617 646 150 502 228 329 480 273 590 585 407 750 324 349 821
677 734 487 1104 761 358 653 939 242 693 468 812 640 107 307 508 909 274 90 872 112 254 448 666 851
453 232 569 146 290 651 555 206 979 847 856 588 340 922 657 531 134 760 1051 409 874 1169 790 699 827
90 210 444 553 402 282 562 506 591 466 446 299 282 567 359 136 306 525 727 252 575 798 656 695 500
660 459 158 685 303 530 49 452 771 965 826 868 311 640 404 556 630 339 671 789 500 867 231 125 1048
561 332 174 551 165 496 105 325 779 900 789 768 192 665 399 485 494 395 730 671 549 907 349 252 965
386 196 562 205 308 604 571 262 929 778 794 516 326 880 623 476 63 740 1018 338 844 1125 788 718 755
645 534 154 839 453 417 263 626 587 870 694 843 389 445 271 499 723 134 455 812 292 657 94 265 982
586 365 161 585 200 504 71 355 777 917 799 794 222 659 398 503 529 379 716 701 536 898 319 218 987
113 211 418 567 393 256 541 506 569 471 436 321 267 540 329 113 324 495 699 282 546 774 628 672 514
865 653 352 822 470 721 217 580 925 1164 1013 1074 510 784 585 759 811 473 773 990 626 986 287 83 1253
469 300 660 139 388 705 653 297 1029 849 884 571 426 984 728 574 137 843 1122 383 948 1227 883 798 809
196 403 717 599 616 508 821 658 753 416 528 116 529 774 618 365 352 792 950 78 820 974 931 960 349
678 787 595 1163 846 375 770 1020 126 614 386 780 715 100 379 519 948 397 163 869 240 149 584 796 780
605 474 89 772 385 405 207 559 611 856 694 807 326 477 265 469 661 172 507 764 334 701 140 240 959
126 348 648 582 561 442 756 617 700 405 488 130 466 712 549 297 326 722 887 87 753 919 861 894 368
345 83 435 294 201 503 455 231 831 743 724 517 198 770 505 392 144 614 900 366 723 1018 661 602 748
112 378 558 703 567 270 702 674 507 297 307 202 440 525 399 151 445 579 703 277 582 726 745 823 347
708 468 272 617 270 631 91 375 893 1046 926 915 338 767 518 631 612 470 804 811 632 998 355 166 1113
303 270 653 339 451 590 701 435 896 659 719 372 422 875 650 444 115 796 1032 183 872 1106 882 848 609
711 638 272 959 575 440 385 751 533 883 686 898 500 385 299 551 828 119 353 890 219 567 132 359 1011
308 559 650 898 729 287 816 854 373 166 124 311 591 442 432 268 641 601 623 453 550 592 795 918 305
227 216 305 593 339 203 441 484 532 540 455 432 197 475 230 126 381 385 618 395 453 720 512 565 608
382 664 826 955 859 476 982 958 539 53 274 262 730 628 622 421 695 794 807 449 745 747 985 1094 120
289 134 269 502 226 309 365 372 635 643 569 497 88 564 295 236 322 413 690 416 514 813 496 502 695
829 932 710 1308 979 525 876 1155 250 737 514 924 852 243 515 670 1097 496 173 1019 335 59 657 881 907
166 448 676 726 653 391 811 736 592 256 356 85 536 631 523 274 466 703 812 231 701 814 868 938 247
523 436 109 770 397 302 285 577 518 754 589 720 302 390 160 376 625 120 449 694 267 626 217 342 862
99 208 521 493 420 381 618 489 682 492 514 262 326 665 458 233 234 621 828 161 676 893 741 758 490
693 472 218 660 292 587 41 421 836 1014 883 902 331 706 466 601 631 405 737 810 567 934 287 119 1090
525 677 574 1053 776 259 756 939 74 442 214 608 635 152 328 382 821 425 322 711 306 292 630 813 605
460 246 163 523 144 412 196 323 712 801 700 668 97 610 334 387 423 373 697 577 514 857 382 338 864
443 514 365 890 580 123 547 751 261 531 335 591 445 174 119 272 681 241 326 637 193 422 445 611 668
773 570 257 768 399 627 135 528 842 1069 920 981 423 703 493 664 735 393 707 902 550 915 227 12 1158
434 717 905 982 919 563 1057 1006 626 135 362 275 796 719 709 497 727 883 897 464 836 831 1071 1173 50
412 695 891 956 898 554 1041 982 632 143 368 248 776 721 700 482 701 875 900 437 833 840 1061 1159 28
411 622 625 984 763 256 803 908 232 269 47 451 620 317 384 312 734 530 494 578 448 450 734 887 431
502 304 644 91 360 720 624 250 1046 889 913 617 416 993 731 595 169 836 1126 430 949 1239 864 766 856
350 633 819 911 833 482 969 924 577 106 312 210 709 657 627 410 652 803 838 400 765 789 988 1087 90
778 611 246 852 469 587 211 618 763 1038 871 984 460 620 443 649 789 311 604 926 459 817 119 115 1141
174 333 666 526 545 494 759 582 765 472 557 182 466 771 591 346 275 759 942 19 801 983 886 901 421
755 549 244 746 377 616 113 507 837 1056 910 963 403 701 484 649 713 391 710 882 550 916 235 33 1142
330 611 769 909 803 423 925 905 511 71 246 232 674 590 569 364 649 743 771 413 700 724 931 1038 155
251 534 728 821 733 406 874 826 553 162 298 146 610 613 549 318 561 727 795 322 704 772 905 994 175
540 294 581 106 282 712 537 144 1041 936 934 682 369 974 702 603 229 786 1093 504 912 1223 791 674 921
358 632 761 946 817 402 923 928 458 50 193 287 683 545 548 365 686 717 724 461 663 669 911 1030 201
180 433 712 665 645 466 831 705 689 338 455 43 544 720 587 332 411 765 899 148 779 910 917 965 282
742 826 595 1200 865 429 762 1042 213 700 472 856 741 145 404 577 995 382 84 935 221 148 551 772 865
567 638 435 1012 686 248 612 861 202 598 379 702 557 63 219 398 808 251 200 761 119 309 451 649 750
497 235 512 174 215 649 475 110 977 895 880 653 300 907 633 546 213 716 1024 484 842 1156 724 616 890
532 727 676 1095 850 328 858 1004 141 356 139 572 707 270 428 418 850 542 427 702 427 341 748 924 526
767 901 722 1278 970 483 897 1143 169 639 421 844 837 226 503 619 1055 523 241 953 363 58 704 919 809
590 732 600 1109 820 313 781 987 21 497 269 674 681 128 360 443 881 431 275 776 295 226 632 828 663
640 688 440 1057 713 320 608 891 254 680 458 782 592 107 260 469 864 230 134 834 70 298 413 626 832
208 366 704 537 577 527 795 606 791 478 577 179 502 802 627 380 294 796 975 22 836 1011 923 937 413
136 402 666 659 612 416 789 682 647 327 421 72 505 673 538 283 401 715 851 160 729 868 869 921 297
220 380 436 748 524 108 599 664 388 375 270 364 382 377 243 70 507 423 549 413 421 598 600 705 476
605 391 152 614 230 508 47 384 772 928 804 814 246 650 396 515 558 363 700 726 522 886 291 191 1003
180 460 644 766 654 333 790 754 518 218 284 158 528 560 471 235 505 651 742 294 638 739 825 910 259
470 663 626 1031 790 269 807 942 163 331 103 521 646 262 379 354 786 506 434 643 407 380 712 880 497
659 702 445 1069 722 339 610 900 269 700 478 802 603 123 274 487 879 231 120 853 69 297 407 623 853
410 604 585 971 735 219 764 884 205 311 93 471 592 275 342 294 725 484 455 586 403 426 688 844 469
543 298 214 501 117 509 149 275 803 896 797 749 171 695 423 482 452 436 769 641 587 940 399 295 952
841 953 738 1329 1004 542 906 1180 253 734 513 930 876 263 538 685 1115 526 205 1030 364 38 689 912 904
329 51 353 371 162 435 390 258 763 718 676 521 116 695 425 339 219 530 819 394 641 944 581 537 743
691 531 159 794 406 505 169 566 702 955 793 896 380 563 364 563 713 252 570 841 410 775 111 147 1055
623 406 166 620 239 525 30 387 787 947 822 832 262 664 412 533 570 374 710 742 534 898 292 177 1021
492 263 582 114 292 683 555 184 1011 887 893 628 358 950 683 566 173 779 1076 448 897 1198 799 697 867
497 325 67 620 237 381 169 415 655 804 677 706 175 541 275 393 510 282 613 636 431 784 290 288 884
710 731 441 1091 731 393 595 911 334 768 547 861 622 192 307 538 913 219 119 904 84 331 368 592 920
705 572 187 855 466 487 241 631 653 940 766 906 423 510 342 564 758 201 503 865 351 712 43 207 1051
178 413 534 759 585 209 690 708 429 284 241 270 449 449 348 130 505 527 628 355 516 648 705 803 372
491 302 99 587 204 397 164 382 680 810 691 700 151 570 300 397 484 316 645 622 462 814 318 295 885
522 253 505 186 203 661 457 78 988 920 898 682 302 914 638 563 245 713 1026 515 844 1164 712 595 918
182 374 695 571 587 498 795 628 754 436 536 139 502 769 604 353 322 776 943 50 809 974 911 935 376
847 695 320 943 560 631 301 708 771 1084 904 1050 544 624 485 709 876 329 582 1003 458 800 123 189 1196
224 122 498 369 327 456 559 367 775 620 631 378 271 739 499 320 118 640 888 228 722 978 726 704 613
552 357 690 55 399 773 660 271 1099 936 964 659 464 1046 783 648 218 885 1178 471 1000 1292 907 800 897
522 410 64 734 357 326 243 536 559 774 619 724 271 434 192 384 600 161 493 685 311 671 217 311 875
575 321 247 491 121 549 151 257 843 933 837 779 204 733 462 520 463 469 804 665 622 977 418 292 986
365 405 293 780 475 83 472 643 363 535 374 537 337 284 65 194 575 244 424 555 266 533 426 556 651
412 183 219 472 117 407 255 290 721 770 685 618 40 629 351 359 359 417 730 518 548 879 443 400 822
305 587 794 856 790 471 938 875 599 155 337 154 670 668 614 384 599 792 850 343 765 815 972 1060 111
352 369 262 743 434 109 438 602 403 555 406 535 296 322 70 188 543 244 455 540 289 571 413 528 663
235 411 461 777 556 115 627 696 366 350 238 362 414 365 258 100 534 436 541 426 422 579 619 730 458
585 358 656 36 356 777 607 206 1106 978 989 711 442 1043 772 662 258 860 1165 526 984 1291 865 743 950
262 152 535 330 341 505 584 356 823 652 674 396 303 788 547 367 72 684 936 229 770 1026 764 731 634
553 437 69 753 372 352 233 549 572 802 642 755 294 442 214 415 626 153 490 716 311 675 186 288 905
736 600 216 875 486 518 252 649 676 971 795 938 450 531 372 596 785 225 515 896 370 727 31 197 1082
357 142 509 244 264 555 525 248 882 754 757 505 272 830 570 433 79 685 965 337 790 1075 736 672 742
434 283 653 178 392 679 657 318 1001 812 850 532 417 960 708 545 106 829 1102 344 930 1201 879 803 770
242 241 295 619 354 179 439 504 508 536 441 444 211 449 204 121 408 362 591 416 426 694 496 559 611
