1
3
5
20
100
100000
20000
50
20
300
1 
1 
1 
1 
1 
9480 36000 29240 32040
32800 11280 23800 6960
28280 30680 9040 17240
27080 35480 11640 22840
17040 25400 21440 20040
2880 37960 40080 39200
29040 41280 14680 28440
15520 21960 26280 20920
22000 16760 23840 14840
23760 21280 17680 13000
38520 7960 29600 11240
33640 23320 11760 7080
43840 22600 19680 7720
19280 32280 18320 23560
3480 34520 33920 33760
28040 7760 34040 19400
51240 29320 22680 15440
23520 39880 18760 29320
19000 19320 38680 28320
22600 13000 30840 19040
555 174 1059 941 63 723 661 244 269 558 1002 317 686 641 484 811 363 568 454 849 907 637 433 1005 819
869 925 105 438 981 754 476 820 904 574 715 1034 441 405 562 492 728 816 763 669 165 1002 958 200 226
379 231 885 724 158 521 538 36 117 341 792 252 473 449 293 708 287 566 249 638 734 694 298 799 629
753 275 733 854 413 827 285 395 534 537 1031 667 586 447 364 385 137 153 590 888 593 322 709 803 572
729 832 227 318 873 614 439 704 778 440 594 904 303 295 451 506 648 782 628 535 178 974 822 118 126
712 155 846 901 301 816 403 333 461 549 1049 580 627 510 392 517 143 240 558 899 700 348 644 883 659
884 408 717 926 550 943 287 535 675 645 1127 808 670 516 469 315 274 58 719 990 592 248 847 839 607
145 545 798 457 477 199 617 313 272 172 470 345 291 387 314 792 508 794 76 318 669 957 233 609 527
397 453 590 441 460 401 364 283 357 99 589 491 168 150 78 538 327 584 245 446 446 765 437 483 322
741 442 518 700 550 760 70 459 594 458 915 739 455 295 292 217 237 284 577 786 380 478 740 610 377
359 645 586 255 625 262 515 443 464 130 389 566 89 245 280 671 531 780 281 254 473 965 463 378 325
486 681 457 229 688 384 444 508 557 209 448 673 67 182 288 582 533 746 391 342 349 938 582 266 202
171 442 869 582 356 316 620 212 141 242 598 225 382 435 317 798 448 739 60 448 730 887 152 713 597
408 402 1148 906 254 606 812 309 205 552 897 116 694 707 558 980 543 793 384 754 1000 881 260 1028 884
860 610 393 706 718 846 113 617 747 554 953 893 507 350 412 77 406 383 702 842 282 561 879 561 345
1014 927 125 654 1014 931 424 879 988 699 931 1129 588 492 629 356 720 722 883 868 201 890 1078 426 347
308 321 957 734 205 478 636 136 22 365 762 144 506 515 367 810 396 674 218 612 809 796 200 840 692
329 288 836 654 228 457 516 55 118 271 723 263 406 396 245 691 299 588 185 569 687 730 273 735 574
990 596 590 914 731 1010 258 681 821 709 1149 962 692 530 543 162 426 246 825 1027 496 382 979 777 558
481 469 518 450 500 473 285 335 427 174 633 566 180 79 78 456 309 536 330 498 371 724 520 448 258
69 599 870 489 515 163 701 366 294 253 453 331 362 469 397 876 581 870 129 309 745 1029 197 664 601
361 334 1049 824 193 547 714 210 111 460 837 106 601 608 457 884 453 715 303 689 900 818 226 934 785
238 396 970 704 279 420 679 197 60 355 709 111 497 530 393 856 459 742 182 561 826 869 124 830 701
485 214 742 681 256 574 367 141 280 312 809 423 408 330 180 535 131 422 323 658 590 576 444 704 505
979 460 801 1033 608 1045 387 618 755 749 1234 882 777 624 573 382 363 72 815 1096 685 153 933 940 709
299 401 717 509 370 361 461 188 233 126 601 364 261 277 156 639 335 620 135 449 574 786 314 593 448
775 245 801 911 390 863 353 403 538 581 1079 662 640 507 412 445 166 151 615 933 661 284 718 868 638
312 763 713 244 715 134 685 540 517 262 239 582 255 414 435 840 678 940 320 89 619 1121 452 456 473
551 378 558 573 441 577 211 306 428 275 755 573 305 173 102 389 194 413 388 617 406 600 558 547 331
547 733 405 208 747 432 453 568 621 274 457 738 131 210 338 575 575 771 456 370 311 964 646 201 170
711 441 503 666 542 727 66 441 574 425 879 719 420 260 261 235 235 315 548 751 361 509 715 580 348
832 260 876 992 408 931 428 453 580 655 1154 695 720 589 489 503 240 159 676 1007 739 228 764 950 720
272 384 767 546 338 362 500 159 184 167 618 314 306 326 198 678 346 635 107 465 623 794 270 639 498
686 732 252 363 780 598 338 617 702 379 628 834 257 203 360 423 544 679 568 545 136 872 764 215 23
829 860 111 436 919 726 411 760 849 527 712 982 399 347 502 436 663 752 716 653 102 939 911 213 170
351 460 625 433 452 360 409 271 328 62 561 457 171 190 115 584 353 619 202 415 485 797 395 499 355
967 947 29 567 1020 867 460 872 970 659 844 1107 536 466 615 429 742 782 847 792 173 959 1043 330 299
949 411 833 1034 559 1026 404 581 716 735 1225 839 773 624 560 421 334 61 788 1085 710 133 896 955 723
645 189 753 797 311 731 319 281 420 453 952 553 523 404 289 457 38 265 484 805 604 416 595 777 556
643 439 490 597 521 652 114 399 525 351 805 671 346 188 192 292 236 378 482 675 340 572 655 528 299
926 430 751 972 575 988 329 571 710 691 1173 841 717 563 514 340 312 38 761 1036 631 206 885 882 650
454 190 982 836 58 616 609 142 167 453 894 248 585 553 395 770 326 574 346 741 830 673 343 909 732
321 589 617 315 566 259 499 384 405 73 429 510 109 237 239 663 485 744 225 285 494 925 413 429 349
640 199 740 785 318 723 308 280 420 443 942 554 511 392 278 448 27 268 478 795 592 423 593 764 543
498 879 598 66 856 316 687 675 678 364 221 758 275 425 506 816 758 988 483 184 537 1178 634 307 407
368 352 691 543 346 430 399 169 256 164 659 397 278 250 103 578 265 548 203 508 543 716 369 597 429
924 764 239 661 860 873 256 738 858 607 928 1002 522 391 502 189 557 549 778 839 177 721 968 470 302
90 673 898 476 586 112 760 441 363 304 401 381 393 517 461 933 654 942 204 267 781 1102 240 672 634
365 871 784 265 815 163 796 645 608 378 132 653 363 525 551 946 793 1056 414 27 705 1238 514 503 563
1064 974 155 693 1063 978 469 929 1039 750 970 1180 637 543 680 388 768 757 934 912 251 921 1129 460 396
360 403 1111 859 257 557 787 282 166 508 848 69 650 670 523 958 528 788 337 705 964 886 212 984 845
927 835 132 601 920 853 336 784 893 610 875 1035 506 400 534 296 629 650 792 801 120 825 986 389 267
995 870 176 675 963 926 363 835 950 678 949 1093 578 465 592 284 663 651 857 876 195 818 1050 458 341
827 422 620 829 553 868 184 504 644 567 1038 784 579 422 393 239 246 159 662 905 492 351 807 737 504
833 777 152 517 851 758 299 706 810 518 788 950 411 311 452 312 573 634 701 709 30 819 896 323 173
794 543 427 678 647 789 41 545 675 493 913 821 460 298 344 138 338 352 634 795 298 540 809 555 328
495 123 936 829 63 641 547 134 214 445 910 316 568 517 360 705 257 502 368 756 784 605 398 883 695
793 719 209 515 794 729 246 652 758 476 780 899 379 264 399 282 516 585 656 691 65 773 850 342 153
812 643 310 612 735 778 140 612 733 498 865 878 432 284 380 168 436 467 662 762 185 652 848 460 248
840 856 98 454 918 740 400 762 854 535 731 988 409 350 504 420 658 740 724 670 89 926 920 234 176
839 307 804 952 454 921 359 469 604 635 1130 729 684 544 462 423 226 89 678 986 670 225 784 894 662
929 512 625 898 649 963 236 607 747 661 1120 887 660 499 489 205 348 170 764 992 514 330 911 782 555
424 193 847 723 162 551 484 42 176 339 812 312 462 418 261 653 227 507 281 658 695 639 355 780 598
727 205 797 879 347 818 351 355 489 540 1039 615 606 480 374 460 124 197 568 892 653 331 669 847 620
624 698 314 325 737 537 346 569 647 319 581 777 194 159 315 455 519 679 508 490 196 873 703 223 49
107 505 894 567 412 268 670 275 190 261 556 236 394 468 365 848 511 802 76 409 759 951 124 717 622
853 303 836 980 451 941 391 479 611 657 1154 732 711 572 486 453 244 103 694 1009 702 206 793 925 693
258 769 792 317 707 61 741 540 497 297 243 543 320 474 473 902 705 978 306 97 694 1154 406 535 547
692 781 251 320 821 587 397 653 730 396 591 857 262 243 400 477 597 738 584 520 167 931 779 156 77
700 713 246 400 767 621 302 608 700 388 663 835 275 196 350 384 520 644 575 575 112 837 771 251 37
779 177 935 996 320 896 488 396 512 639 1137 616 722 607 487 586 240 260 632 986 792 309 697 979 755
255 589 683 345 548 205 553 370 368 97 414 461 175 298 273 721 507 777 177 263 561 954 355 486 415
917 549 551 844 678 935 185 617 756 634 1076 899 619 456 469 130 367 240 752 953 443 405 910 717 493
366 269 968 775 147 533 625 123 79 399 815 176 537 529 376 795 366 636 269 664 818 749 255 868 708
816 685 258 579 771 769 190 640 755 499 838 899 419 283 398 210 479 521 671 742 132 706 861 414 213
252 440 1045 759 308 449 754 263 123 424 740 43 566 605 469 930 525 803 242 598 901 921 107 897 775
749 342 646 794 468 802 198 417 558 504 987 697 533 384 328 305 159 181 584 850 508 372 723 727 495
900 621 423 754 735 891 145 644 777 597 1001 922 554 395 450 33 421 362 740 889 322 533 914 605 392
797 192 955 1019 331 917 508 415 528 662 1159 628 745 630 510 602 263 268 652 1008 813 301 713 1002 777
963 569 590 897 704 986 238 654 793 685 1129 935 672 509 517 162 398 227 798 1006 489 374 952 767 545
493 629 446 291 645 415 385 468 530 191 505 654 65 119 234 528 474 684 379 391 322 876 574 298 176
308 306 848 650 238 441 536 74 100 270 710 245 408 406 259 712 323 611 168 557 700 752 250 739 584
256 683 714 297 634 128 636 459 439 192 318 510 222 371 368 798 605 874 241 165 606 1052 386 481 458
861 787 148 548 866 789 299 725 832 545 819 972 441 336 473 295 582 628 727 740 60 811 921 349 203
111 569 828 468 494 178 654 336 280 207 459 338 321 423 351 829 540 828 95 310 701 989 215 631 558
912 735 270 670 833 869 227 716 837 596 934 982 519 380 484 158 528 515 764 840 194 688 952 488 307
764 155 960 1003 292 889 515 383 492 639 1135 590 728 620 493 618 252 297 621 983 815 340 677 994 773
1032 996 94 627 1074 932 500 930 1031 724 904 1169 602 528 675 447 790 810 912 855 232 981 1108 388 364
945 367 919 1083 514 1040 480 566 693 760 1257 806 815 675 590 516 345 146 789 1112 790 115 877 1022 790
1003 424 946 1131 569 1097 515 625 751 814 1311 862 865 722 643 533 401 172 847 1166 822 60 935 1063 830
970 614 531 867 743 980 222 679 817 680 1107 961 654 492 520 103 431 290 807 990 439 438 969 723 507
436 413 587 487 434 454 320 266 360 154 644 500 213 148 23 496 274 528 277 501 439 710 461 509 327
302 384 729 527 352 374 463 170 218 144 617 352 278 288 160 641 325 611 136 464 585 775 309 609 461
780 427 566 761 546 811 121 475 614 508 973 757 514 355 337 219 232 224 614 842 432 417 769 670 438
467 419 1203 968 273 666 855 357 264 612 957 175 754 762 611 1020 577 814 446 815 1053 890 317 1088 940
417 916 778 245 863 215 818 692 658 415 85 705 385 547 586 963 831 1089 464 68 707 1272 566 488 570
598 111 818 812 226 705 396 220 352 447 944 479 537 440 303 540 95 333 444 793 667 461 533 817 604
410 202 867 729 152 543 509 32 153 344 809 287 471 435 278 678 252 530 271 655 716 659 334 793 615
940 833 153 623 921 870 330 788 900 623 897 1042 522 411 541 278 626 636 803 821 140 810 997 413 285
317 762 706 237 716 142 680 540 520 259 240 586 249 409 432 834 675 937 322 92 612 1118 457 448 466
