1
3
5
20
100
100000
20000
50
20
300
1 
1 
1 
1 
1 
26960 15120 28400 22280
19040 7400 21840 32880
42120 29280 44040 35320
11880 6440 14960 33520
35760 22720 38040 35640
14720 22720 11840 23320
24520 17560 24640 11120
14880 14520 14120 15880
37360 25480 38720 25800
27360 14800 30000 35200
25960 15680 29000 40560
25720 19200 28920 46200
25840 23560 24800 5040
15040 5600 16440 21880
35720 32720 34560 5240
33160 27560 32680 5640
12520 17280 10600 19760
10200 7800 10960 22080
31280 23480 31360 10680
17800 11320 18240 16120
623 504 854 770 946 616 231 839 208 626 830 762 686 837 377 224 160 924 472 1151 1012 722 508 895 616
158 717 583 61 236 106 482 436 602 419 770 228 471 234 450 624 807 460 344 576 385 617 469 230 302
412 741 331 446 452 533 798 861 816 868 578 253 382 625 855 990 1131 116 524 154 131 483 532 247 381
742 621 987 875 1048 719 340 893 339 673 955 887 819 922 435 246 58 1054 601 1279 1136 852 641 1013 745
556 170 327 765 902 698 603 1102 457 972 176 555 273 946 794 797 819 521 409 759 732 154 263 719 413
445 946 896 304 366 287 554 122 738 192 1065 545 769 153 395 589 797 775 576 859 662 909 721 509 592
340 302 213 542 674 493 508 903 436 799 285 326 58 729 661 717 796 333 241 580 519 129 133 492 192
392 952 735 185 39 331 716 415 848 515 954 382 665 183 640 830 1026 555 586 564 374 811 700 252 518
511 922 965 440 541 355 467 206 666 18 1099 644 817 336 267 442 648 881 584 1001 806 945 728 649 643
416 537 749 536 709 379 46 611 244 410 796 570 576 594 168 175 327 766 321 971 813 658 421 681 454
277 806 543 168 158 306 667 562 758 600 770 205 490 323 651 822 999 360 468 401 204 633 556 58 366
423 795 866 403 539 282 340 311 538 109 985 569 710 361 152 343 551 803 467 949 760 832 609 605 541
287 578 231 398 469 435 644 813 648 778 464 148 220 593 726 843 972 97 361 321 245 342 362 258 218
293 800 511 213 198 343 692 611 772 646 743 194 471 372 688 854 1026 320 476 352 155 611 553 25 363
458 937 913 338 413 297 526 122 715 141 1073 569 779 203 356 547 755 802 574 898 701 917 720 545 602
197 369 338 410 561 338 381 746 368 638 445 248 169 585 510 589 698 369 93 601 488 290 117 414 75
472 929 559 393 308 531 875 756 941 821 805 342 576 517 876 1041 1211 342 641 233 112 697 694 203 512
265 695 375 291 330 375 665 709 711 709 610 113 349 477 703 848 1002 190 411 296 137 483 457 115 277
404 418 66 575 675 566 646 970 583 894 249 328 106 771 784 856 943 230 365 468 451 138 280 470 266
304 850 734 125 212 176 542 293 695 331 921 375 623 86 446 639 838 599 472 679 482 768 608 328 451
403 936 840 230 270 260 586 191 756 282 1024 481 725 57 454 650 856 703 559 772 575 870 699 424 552
441 872 495 391 335 517 845 777 899 824 741 300 517 536 860 1019 1181 278 599 190 53 635 643 186 465
426 428 45 594 690 587 669 991 603 917 239 345 129 790 807 878 964 231 388 464 457 141 300 483 289
458 187 281 667 805 601 533 1006 411 882 219 461 186 848 714 735 779 450 316 695 650 112 171 627 315
730 640 991 855 1026 698 326 860 347 640 969 877 822 895 405 213 24 1051 596 1272 1125 861 645 999 740
524 461 773 674 850 521 137 769 147 563 769 665 602 749 314 209 237 831 377 1055 914 650 427 797 521
687 634 965 807 978 650 284 809 330 589 955 837 794 844 353 162 53 1016 561 1234 1083 841 619 954 704
439 842 451 414 374 530 841 810 884 846 698 289 484 569 869 1021 1178 234 586 152 47 597 618 204 448
492 327 153 682 795 649 657 1059 554 961 130 444 168 874 821 863 922 359 402 589 582 40 277 595 344
305 433 605 466 643 320 110 643 204 471 660 448 432 570 272 318 441 629 178 844 697 518 281 578 316
544 902 475 525 474 641 943 917 973 958 718 390 543 676 979 1127 1278 270 678 60 159 637 694 316 536
127 452 346 333 479 283 414 692 435 606 495 167 199 516 510 615 744 325 137 542 413 339 201 331 22
378 894 592 253 161 402 768 607 859 674 829 288 563 367 745 920 1099 389 566 364 179 701 647 119 457
462 1010 878 264 238 335 678 217 844 362 1075 515 777 74 547 743 949 723 632 761 567 923 768 428 609
592 125 392 804 946 726 594 1125 433 985 228 604 327 979 794 781 787 583 430 823 791 218 286 770 453
485 788 353 515 505 606 869 926 881 939 596 327 431 688 929 1063 1201 155 592 91 171 517 591 310 448
151 705 589 82 258 80 458 428 582 400 769 239 471 238 425 598 782 474 330 597 407 615 459 254 298
544 65 506 756 918 648 433 1020 252 856 406 605 381 909 643 604 598 656 353 903 830 338 245 773 435
396 194 305 607 753 533 463 936 354 809 290 417 168 783 641 667 721 443 243 690 625 160 97 585 259
506 59 418 720 874 627 468 1016 309 867 323 547 302 885 669 655 670 576 327 823 760 249 195 716 382
488 546 800 610 782 453 89 663 235 453 828 640 627 662 204 126 253 829 378 1040 884 697 462 754 517
429 147 345 642 792 559 454 957 328 821 301 460 215 814 642 654 696 491 263 737 672 189 119 629 298
362 603 749 448 616 292 138 506 335 312 828 521 580 490 101 227 414 734 320 922 752 681 446 611 434
348 682 773 385 544 237 237 407 430 222 879 504 612 399 108 295 495 731 361 898 717 727 500 568 449
132 690 566 89 263 91 458 451 575 420 747 217 449 258 436 605 785 452 316 579 392 594 442 240 278
172 607 351 265 358 306 564 678 607 648 565 15 280 461 616 752 900 221 308 389 241 424 362 169 176
209 627 648 267 439 110 278 432 433 306 777 363 495 341 243 408 593 592 266 758 579 622 412 433 323
257 686 371 289 332 369 657 707 702 704 605 104 342 476 696 840 993 189 402 303 146 477 449 118 268
505 1049 924 310 281 372 701 187 873 357 1120 562 822 116 559 754 961 770 671 805 613 968 809 475 652
226 536 616 350 526 197 190 525 331 374 716 383 451 442 232 355 521 595 198 786 621 564 338 487 296
251 529 226 389 481 406 592 796 592 748 443 136 176 586 682 793 919 147 308 377 290 309 308 278 165
379 808 445 351 325 466 782 752 833 783 690 234 455 512 806 960 1119 231 534 211 16 577 577 141 399
528 222 265 731 861 676 616 1083 486 964 139 511 226 917 799 816 852 462 397 699 677 94 254 672 381
376 190 415 588 749 487 349 873 235 726 404 442 256 746 539 549 602 523 188 767 675 280 86 608 270
383 563 741 489 661 332 84 562 283 364 804 539 570 542 134 199 371 743 310 941 777 662 424 642 435
463 115 364 677 827 592 470 988 330 848 294 494 244 847 663 665 697 519 294 765 704 199 153 663 333
555 1018 1011 433 492 394 584 79 780 145 1167 667 875 278 393 572 778 900 662 990 792 1011 808 639 698
409 318 598 593 769 455 172 784 71 605 599 529 429 710 382 357 410 670 229 903 778 475 252 677 369
334 705 772 351 507 209 274 372 464 199 888 487 614 358 143 335 536 717 370 876 692 735 513 541 446
174 393 345 386 537 317 383 726 382 623 463 227 180 562 503 589 705 360 94 588 470 307 141 392 56
185 695 641 161 330 23 387 386 532 320 800 313 505 246 334 512 701 549 318 686 499 645 460 346 328
562 111 554 771 936 655 411 1017 220 845 456 634 422 916 623 571 554 697 367 944 864 387 275 801 462
507 420 737 667 844 516 142 785 106 583 728 643 567 753 337 248 272 801 350 1029 893 611 390 780 494
511 125 344 723 866 647 536 1047 392 912 235 525 255 899 729 731 756 520 352 764 720 169 207 693 373
323 467 643 469 645 318 81 619 219 440 700 471 470 559 233 282 417 660 213 870 717 558 320 593 348
465 850 914 424 547 317 391 271 590 57 1037 607 760 355 193 376 583 843 520 979 787 883 662 631 589
329 638 259 409 456 467 700 827 710 809 503 176 279 600 772 897 1031 64 421 259 193 392 425 241 277
449 647 197 542 581 595 793 961 774 938 440 305 299 733 886 997 1115 69 506 240 278 366 473 367 367
151 711 577 67 242 104 478 441 597 421 763 223 465 241 449 621 803 456 337 574 384 611 462 230 296
578 706 939 651 811 499 232 598 394 378 984 735 767 655 161 55 255 945 509 1138 967 849 612 825 637
609 162 378 819 958 747 628 1149 469 1013 197 612 330 998 826 816 824 576 454 813 789 208 309 777 467
384 425 79 554 653 545 635 949 578 875 271 306 96 750 769 844 936 215 352 457 433 153 274 449 248
342 626 237 430 480 484 706 848 709 826 481 193 266 622 784 904 1035 43 424 262 213 374 419 265 280
250 340 460 453 623 339 253 721 242 578 519 357 286 600 410 462 564 503 57 732 606 373 138 511 197
572 234 649 769 941 636 331 965 130 778 576 671 501 893 542 463 430 770 378 1014 913 492 331 830 500
611 967 530 582 516 703 1011 963 1042 1015 770 458 608 722 1043 1194 1347 333 747 94 220 697 761 374 605
466 148 321 677 821 603 508 1004 376 873 249 481 216 854 696 707 744 486 310 731 680 152 164 649 328
207 591 308 311 396 349 587 724 616 691 527 60 251 507 651 780 921 178 318 364 236 391 354 196 178
221 340 363 435 592 350 351 754 328 635 448 287 190 603 492 560 662 407 71 641 528 295 90 451 115
397 634 210 488 532 542 751 907 741 884 456 251 278 680 837 952 1076 15 465 244 243 365 444 317 323
480 920 539 413 337 547 883 784 943 843 786 343 564 544 891 1054 1220 322 643 201 100 682 689 216 511
454 769 883 464 608 329 294 379 494 163 983 607 720 435 86 270 477 837 467 997 812 833 602 659 558
614 84 451 827 977 740 573 1130 399 980 291 640 373 997 779 750 743 636 440 879 838 276 303 809 482
349 797 452 314 294 431 753 716 810 747 695 210 448 477 772 927 1089 243 510 248 52 576 561 104 379
533 67 401 746 896 659 513 1052 354 907 284 562 302 915 713 700 713 572 360 817 765 227 221 730 401
408 947 839 226 251 270 605 203 773 304 1027 478 728 38 476 672 877 697 569 759 562 874 708 414 556
187 747 566 51 187 174 546 470 656 477 768 203 472 246 519 692 873 422 382 516 322 620 495 166 315
223 646 666 266 436 111 286 414 447 287 796 376 513 329 235 406 594 606 285 768 588 641 431 440 341
469 864 920 419 537 318 409 252 607 40 1047 609 768 342 212 395 602 845 530 977 784 893 674 627 596
258 632 306 334 395 391 643 752 670 733 539 102 281 527 703 835 977 139 373 308 188 412 401 183 232
337 411 128 513 621 498 589 904 541 827 302 270 57 708 720 798 894 221 304 468 423 165 236 422 199
227 620 660 292 463 135 256 439 416 301 781 383 503 360 220 383 568 610 266 780 603 627 411 458 334
382 864 532 299 236 435 783 677 856 729 774 264 521 436 780 946 1118 323 558 288 103 653 623 110 436
76 519 483 264 435 162 327 568 408 469 621 228 332 418 383 510 664 440 141 630 471 465 277 349 158
327 861 768 168 255 184 526 252 689 285 948 412 650 86 415 610 812 640 483 726 529 794 623 374 476
425 607 164 532 583 575 759 949 736 918 409 287 260 725 858 964 1079 65 471 276 295 328 434 368 334
333 887 656 145 45 302 685 467 803 538 877 305 590 227 633 816 1005 476 529 497 304 736 635 173 450
666 268 356 869 996 813 727 1220 574 1096 124 644 359 1055 919 919 930 569 530 791 794 215 385 802 519
432 881 889 348 451 273 455 189 647 87 1035 559 746 252 281 472 680 795 526 910 715 879 672 558 570
347 609 741 427 596 272 154 490 348 301 826 505 573 470 107 246 434 721 314 906 735 678 444 593 423
