1
3
5
20
100
100000
20000
50
20
300
1 
1 
1 
1 
1 
14760 15080 14440 17760
17560 42120 27360 12800
22200 14600 6440 23720
29200 15800 7960 30400
12200 39160 27200 7400
22560 10800 24280 26840
6960 29200 28520 11320
29360 1760 19240 32560
4840 32240 23280 840
23560 17360 30680 28320
10840 20560 13760 12800
35040 14320 15160 36800
35760 21600 12400 36440
13400 29080 14200 11440
18440 37400 20400 14520
26640 5320 22960 30560
13000 18840 23320 17600
21440 32080 39440 25840
3320 32360 27160 5280
35360 6160 25960 38920
290 460 394 319 409 362 920 174 116 883 466 773 234 742 643 445 163 276 578 765 377 559 953 796 385
711 749 541 316 975 310 809 543 702 681 251 272 525 493 214 373 782 886 600 787 389 89 326 413 623
604 731 528 226 915 274 865 485 630 748 139 374 420 558 158 376 692 813 619 819 278 124 413 499 512
764 179 370 686 257 596 693 407 376 741 854 898 712 703 1011 544 528 362 439 496 818 811 1204 828 870
734 887 681 390 1083 435 954 653 797 823 260 388 560 636 120 517 850 979 749 937 399 234 275 543 618
300 813 658 274 829 440 1126 489 538 1036 221 727 189 853 344 583 497 684 815 1026 101 464 732 832 162
352 756 589 193 814 357 1041 440 517 947 133 635 195 763 280 500 508 678 737 948 28 371 658 739 240
265 777 628 254 786 419 1105 452 495 1020 230 728 146 839 370 562 455 641 789 1000 93 464 753 825 143
464 369 214 209 521 151 724 88 260 669 377 554 317 518 535 218 390 441 388 593 361 372 778 569 493
262 501 404 250 486 320 926 186 190 877 391 727 165 725 568 422 216 353 586 783 299 500 888 765 328
1004 478 376 640 865 476 228 584 740 127 732 387 840 97 788 338 908 876 219 257 810 516 751 239 1006
467 598 409 56 746 157 834 320 458 741 142 461 278 557 294 296 522 640 540 750 194 206 581 544 411
167 653 535 248 623 383 1044 330 337 979 325 759 25 811 494 513 292 476 711 915 195 506 854 827 175
758 67 269 619 343 511 593 354 374 632 785 790 679 590 933 443 546 413 326 399 765 718 1104 715 847
528 237 272 461 262 408 757 181 143 756 629 779 466 658 796 410 319 234 430 579 579 632 1038 751 626
899 375 261 553 755 387 298 471 625 237 663 404 741 150 741 244 795 762 115 242 727 469 762 287 911
663 871 668 342 1041 413 982 616 750 857 196 439 494 668 46 513 791 930 754 950 329 242 350 587 543
607 186 286 535 233 465 726 253 219 742 703 812 549 663 866 444 385 259 417 540 659 688 1090 769 708
842 92 277 662 440 535 501 418 465 553 823 763 749 536 960 442 641 514 271 304 819 726 1095 670 921
826 720 516 413 1000 342 685 579 752 548 392 119 638 366 365 342 859 933 527 690 522 154 322 266 756
742 470 270 349 776 195 523 385 561 421 432 263 564 237 503 106 702 732 286 475 514 233 573 257 721
567 459 256 182 681 21 669 254 427 584 304 390 389 409 426 128 545 608 371 581 355 213 617 426 550
763 194 383 693 244 606 708 414 376 756 862 912 714 719 1020 557 525 354 454 511 823 822 1216 843 872
689 759 551 301 973 312 835 540 695 709 224 304 505 520 185 386 768 879 618 808 364 102 335 443 597
852 908 700 478 1146 479 895 713 872 754 377 300 672 578 255 527 945 1056 735 904 519 255 158 463 746
791 343 179 445 695 279 407 372 534 341 562 383 631 207 653 136 698 683 129 324 619 388 721 309 801
757 180 368 681 251 592 697 402 369 743 849 897 705 704 1007 542 521 355 440 500 812 808 1202 828 864
691 111 97 474 446 348 533 246 346 532 634 624 576 451 773 272 526 457 206 363 634 548 933 563 751
486 647 455 98 795 199 862 371 506 762 97 452 299 575 243 332 562 687 578 787 184 189 542 549 414
836 585 393 426 902 297 530 508 685 401 467 139 652 212 492 232 819 858 371 528 574 227 476 159 796
890 298 227 576 687 412 297 448 586 282 701 490 744 238 795 272 762 708 44 182 750 529 844 377 918
272 529 406 188 548 279 919 203 251 859 324 679 128 698 502 397 279 419 584 787 237 443 825 727 303
290 802 649 267 816 433 1119 478 525 1031 223 726 176 848 351 576 485 671 807 1018 96 463 737 829 156
1000 286 345 735 668 578 275 553 651 351 874 671 875 396 978 447 831 731 200 77 906 716 1029 542 1051
802 467 281 414 798 257 461 427 601 355 497 256 627 172 559 144 750 766 253 426 580 287 593 211 786
731 906 701 399 1095 452 980 666 807 849 261 414 560 663 106 539 854 988 772 961 396 256 284 570 610
469 806 621 230 907 368 1028 507 610 922 73 565 310 732 163 502 620 780 749 957 139 310 546 687 347
863 244 196 568 634 409 333 416 545 333 703 530 723 289 808 276 722 659 32 188 741 547 878 425 899
817 708 504 403 988 329 679 566 739 543 386 123 629 360 364 330 847 921 516 682 515 146 334 264 748
693 537 330 283 807 161 617 390 566 507 343 249 509 319 406 156 687 745 378 571 437 138 506 301 655
683 84 136 493 404 376 562 247 324 569 655 666 579 493 800 310 505 423 244 385 647 583 971 605 752
828 883 675 451 1119 452 882 686 845 743 353 292 647 564 239 503 918 1029 714 887 495 229 185 454 723
1079 574 467 699 961 540 233 669 829 86 775 369 908 113 811 409 995 970 315 326 865 544 726 207 1070
709 392 543 762 81 717 922 487 368 964 926 1073 716 910 1098 705 450 242 651 725 857 941 1346 1023 846
428 732 550 155 833 302 975 431 536 875 47 548 254 688 216 441 555 708 685 895 95 285 578 656 327
555 230 298 504 225 449 764 223 167 771 672 814 503 682 838 444 333 219 445 581 619 673 1078 780 660
313 773 614 226 807 392 1078 452 512 988 181 683 173 805 320 535 488 666 769 980 53 419 702 785 193
323 858 702 314 871 480 1165 535 581 1073 243 751 230 888 344 623 534 724 857 1068 140 489 734 861 171
835 933 725 476 1156 494 940 724 877 801 360 348 659 622 220 554 941 1060 769 944 500 274 172 511 721
317 483 473 452 315 488 989 273 110 970 595 898 335 844 772 556 72 161 652 819 494 692 1087 910 451
118 719 606 308 662 451 1115 398 388 1049 357 817 82 880 516 583 311 509 782 987 217 559 889 891 110
829 910 702 462 1138 474 916 705 861 776 353 325 651 597 224 531 928 1044 745 919 495 253 178 487 719
887 431 286 519 798 355 341 477 642 248 614 328 720 99 679 218 804 790 179 314 689 407 686 219 885
937 702 515 521 1027 411 564 630 807 419 529 36 749 255 513 357 936 981 472 602 652 283 398 127 882
393 358 306 340 359 333 828 102 76 801 503 737 319 672 676 386 230 259 488 668 438 549 954 741 480
342 446 437 439 300 464 952 241 73 934 588 872 341 810 765 525 109 156 615 781 494 672 1071 880 469
654 407 199 283 684 118 568 285 462 485 399 356 483 316 503 31 603 634 278 485 456 254 637 356 647
726 364 523 759 105 707 890 481 374 935 925 1055 724 885 1095 688 468 263 625 693 860 931 1334 1001 859
761 11 217 588 396 468 542 336 386 573 750 731 667 528 893 390 564 450 264 350 741 669 1049 654 839
537 262 327 511 203 466 797 234 150 804 678 838 496 712 847 470 308 187 478 613 619 690 1096 809 648
821 625 426 406 927 295 585 519 696 454 429 116 634 267 441 257 820 873 421 583 543 183 425 194 771
695 432 227 312 725 151 544 330 507 453 414 315 520 277 503 54 648 678 275 475 482 242 608 311 681
422 336 321 400 299 385 834 147 43 818 562 782 369 700 736 424 223 207 498 665 495 604 1009 777 523
906 900 694 516 1161 493 844 731 897 700 434 244 722 531 327 520 982 1080 710 868 576 271 140 407 807
1055 382 389 752 773 588 163 608 727 239 875 606 916 318 961 447 907 824 210 40 926 691 969 462 1090
1016 353 349 712 747 548 191 569 691 243 837 580 876 297 925 408 871 792 170 54 886 656 942 442 1050
276 808 658 280 813 446 1132 483 524 1045 241 744 173 863 368 589 478 667 818 1029 112 480 755 845 138
699 565 358 285 831 177 635 411 585 522 330 234 513 332 383 184 702 766 405 595 431 112 478 301 654
815 478 294 424 811 269 455 441 615 347 504 246 639 162 562 158 764 780 259 427 589 290 587 197 797
333 663 500 115 729 280 966 347 432 881 152 605 149 700 327 423 444 600 654 865 66 344 679 692 263
911 652 466 497 980 377 529 589 766 388 521 79 725 214 522 312 899 938 422 556 637 275 441 106 864
564 554 351 150 760 98 733 327 490 634 223 363 378 449 331 208 586 674 455 662 302 135 539 435 520
270 481 417 327 414 379 942 197 128 905 470 789 226 764 647 465 146 275 601 787 375 572 964 816 370
677 170 38 428 491 293 523 229 357 506 584 566 549 407 718 212 533 487 184 368 593 489 873 512 725
168 590 498 292 528 394 1019 280 249 967 401 793 117 811 576 508 199 380 680 877 283 552 921 842 248
240 674 532 189 688 344 1023 348 394 947 239 694 61 772 408 483 373 547 699 908 109 435 770 774 186
455 800 616 223 896 366 1030 499 598 925 74 573 296 736 177 501 606 767 747 956 125 316 559 693 333
652 117 119 460 404 347 581 213 300 579 623 651 545 492 770 290 480 410 253 409 613 557 949 599 719
744 901 694 404 1097 449 964 666 811 832 272 394 572 646 124 530 862 992 761 948 409 247 267 551 626
510 255 283 454 260 408 774 176 124 771 621 784 451 669 790 416 300 221 445 597 567 632 1038 760 610
706 885 680 373 1069 429 971 641 781 841 235 413 535 654 87 520 828 962 756 947 371 240 306 566 587
638 404 196 269 674 103 582 270 447 501 389 368 467 332 498 40 587 621 286 495 443 255 642 372 632
627 370 494 684 25 648 912 414 285 941 847 1017 632 872 1020 648 368 164 621 718 774 872 1278 978 762
1111 577 486 738 968 577 189 694 850 39 818 417 944 157 857 442 1019 984 323 302 906 590 772 254 1108
699 527 320 291 802 163 604 388 564 495 355 249 516 307 419 146 688 742 365 557 447 151 514 293 664
715 312 119 382 637 218 478 294 459 419 511 414 558 280 619 85 621 613 164 374 556 366 730 366 729
329 791 629 238 828 403 1087 470 533 995 176 682 194 811 306 546 508 687 781 992 63 418 691 787 202
372 577 409 44 674 195 879 269 380 798 187 554 185 622 362 336 427 557 564 775 156 304 677 625 336
324 625 465 98 690 257 941 307 393 860 182 605 136 683 360 398 413 563 624 835 106 348 701 683 275
279 623 475 137 662 286 964 299 365 889 224 647 91 715 400 424 371 529 641 850 123 393 746 721 244
344 791 627 233 836 397 1081 473 540 987 162 669 205 802 291 540 520 697 777 988 61 406 675 776 218
1049 536 431 676 923 514 225 635 794 92 758 375 881 97 801 380 961 933 277 296 843 532 735 216 1045
782 256 124 474 621 313 405 342 488 372 608 473 636 275 715 181 661 623 70 281 647 459 807 392 810
663 150 64 434 459 308 546 216 332 534 594 596 543 438 733 237 510 457 210 384 595 511 898 543 718
899 496 336 512 854 355 378 510 681 261 589 259 725 74 638 233 836 837 249 378 677 366 619 152 884
822 75 270 650 419 526 520 400 444 568 811 766 731 545 951 438 619 492 279 323 805 721 1094 677 903
1007 561 425 618 935 463 313 612 780 174 687 287 832 40 720 339 939 930 301 368 781 454 648 130 991
989 483 370 621 866 458 252 573 732 144 710 363 823 73 763 321 899 873 222 278 790 492 727 217 988
635 552 345 221 792 126 677 365 536 572 279 296 449 384 356 180 644 718 421 621 371 107 507 364 591
349 401 337 317 387 331 862 120 91 829 475 740 276 693 650 400 206 272 520 705 401 540 941 754 436
