1
3
5
20
100
100000
20000
50
20
300
1 
1 
1 
1 
1 
20040 9280 15280 32960
15160 11640 11240 25280
37120 28560 36360 21040
26680 19360 25400 17040
32760 29160 32680 14720
46560 27360 44160 36440
7480 25040 5040 30400
22400 34080 24840 2560
23760 3200 19400 31760
31280 36080 32800 8000
31480 13880 28800 26600
30680 6880 27040 31760
34880 8200 30680 38360
16600 29280 18720 7040
23280 8320 20120 24920
30640 9320 25840 41400
42840 29360 41400 28640
41280 21560 38680 33360
520 27000 5320 23200
37400 15640 34320 33080
254 752 762 485 415 147 179 900 621 849 1001 269 774 286 923 619 514 566 624 393 405 985 856 378 724
275 460 779 36 326 621 444 763 540 632 1066 425 318 659 550 721 765 903 180 567 876 930 951 232 885
1049 703 285 1050 758 912 853 400 524 554 23 1217 963 758 817 393 525 599 949 621 882 224 158 1166 309
670 243 210 608 355 694 550 172 108 162 475 861 498 585 399 278 463 626 484 380 805 314 396 759 413
437 841 743 654 513 78 270 924 661 905 942 449 911 198 1025 587 432 431 768 387 219 973 797 566 651
492 770 607 675 467 142 266 805 560 807 792 556 882 72 959 449 280 284 751 277 173 837 647 633 499
250 728 734 475 391 135 152 872 594 823 974 285 757 264 901 592 490 547 607 365 398 957 829 380 698
756 664 278 834 532 538 525 523 411 602 376 894 880 381 839 170 142 221 805 306 491 475 236 891 83
483 374 289 506 201 446 313 412 147 394 564 658 551 341 564 195 282 447 466 136 572 499 434 600 358
281 362 662 109 218 571 382 651 422 526 948 464 282 583 479 608 664 810 129 467 812 814 834 296 773
798 611 182 844 540 624 582 426 368 524 276 951 845 469 775 143 235 333 788 350 601 363 131 926 41
602 560 282 681 383 421 377 499 309 537 481 747 753 270 746 123 88 255 664 151 447 510 336 736 207
544 282 245 519 234 553 408 312 37 284 532 730 494 451 468 220 365 533 436 246 680 424 420 646 384
656 798 523 808 550 332 415 753 556 792 650 741 958 198 987 371 172 94 845 304 215 741 512 798 359
738 972 706 924 698 368 515 937 736 975 807 779 1113 302 1162 556 357 228 990 469 116 919 678 877 527
250 369 551 229 78 439 247 592 327 497 835 446 394 433 531 473 511 655 256 313 667 731 711 336 635
236 779 816 475 446 206 226 945 665 886 1060 212 782 349 945 677 576 628 629 449 456 1037 915 344 785
408 261 397 367 94 503 326 431 165 351 684 601 395 442 448 346 438 600 305 261 683 568 568 499 513
296 395 720 75 280 615 430 698 479 567 1007 465 271 637 492 669 725 870 123 528 862 866 894 281 835
513 111 516 356 273 708 519 431 287 287 790 706 190 664 246 524 652 817 183 484 905 613 703 550 687
659 901 662 843 620 292 434 886 671 913 790 707 1036 222 1092 507 309 214 911 397 77 882 653 798 501
469 584 419 588 319 268 231 606 362 608 638 597 729 131 775 265 163 285 615 81 356 649 493 609 360
148 699 774 384 371 246 185 884 604 815 1030 188 691 361 860 644 570 645 538 418 510 989 889 269 767
675 255 708 460 496 927 734 556 503 397 959 852 118 894 163 743 883 1050 267 718 1135 748 893 667 900
778 982 693 957 720 412 550 930 741 975 778 826 1134 332 1172 548 352 205 1014 483 167 902 652 918 505
673 637 307 763 467 452 439 542 383 599 454 807 836 295 820 162 57 189 749 227 427 524 310 810 162
180 708 762 413 376 211 169 881 601 817 1013 216 712 330 874 628 545 614 560 400 474 979 870 304 746
600 96 548 425 365 800 612 421 339 263 808 790 169 751 154 580 723 891 233 565 992 611 735 626 737
765 826 486 898 620 457 522 728 574 792 560 862 1012 315 1011 354 180 32 913 367 318 685 433 907 286
307 648 605 489 318 116 81 757 484 722 841 400 720 153 831 460 360 435 580 235 351 831 696 449 565
876 487 116 851 570 803 706 201 323 344 225 1056 748 662 609 273 459 585 738 486 835 115 191 983 295
506 639 444 638 375 259 263 644 411 655 641 621 785 105 829 285 140 235 671 135 306 673 496 647 354
770 509 70 786 486 652 575 316 279 413 274 938 752 504 667 118 295 425 709 345 670 279 147 890 153
334 354 696 120 274 637 448 663 454 528 982 507 229 649 447 655 722 871 79 527 879 834 874 325 821
527 171 602 336 332 762 570 502 374 349 874 713 102 731 232 611 734 898 140 560 972 689 789 540 774
904 474 167 863 593 851 745 163 340 317 252 1088 736 713 579 326 516 645 739 531 891 66 245 1005 355
816 365 163 761 502 801 676 82 248 214 353 1005 627 674 479 305 504 651 631 478 873 162 312 910 385
442 663 520 598 366 172 200 706 454 701 728 541 782 35 853 364 227 294 656 171 276 750 582 584 442
322 288 528 237 99 518 325 536 291 428 815 518 320 497 447 474 544 697 196 351 735 689 699 387 640
805 540 90 823 523 677 607 328 314 436 239 971 786 527 693 148 309 428 745 376 684 268 111 926 140
675 404 96 675 379 603 499 277 165 333 377 851 641 470 572 107 303 459 595 282 667 314 261 788 242
343 817 782 572 480 106 233 940 666 901 1004 336 855 264 993 632 502 528 706 413 332 1010 859 463 719
761 578 165 806 502 597 548 410 332 499 303 917 810 444 745 105 217 332 751 315 589 365 158 889 68
778 183 401 649 482 881 715 195 300 58 609 974 418 789 223 497 683 846 474 584 1017 384 571 835 620
123 492 656 206 191 381 202 716 445 624 934 319 476 420 645 558 555 678 325 362 633 848 803 229 710
976 596 204 960 675 874 794 291 432 445 123 1151 857 725 708 341 504 606 850 566 875 125 161 1086 306
634 663 370 744 457 387 394 598 414 643 524 756 846 229 850 217 18 152 748 205 358 591 381 773 231
617 602 312 708 414 409 385 536 351 578 491 753 791 254 788 155 46 214 700 171 414 538 346 754 205
402 715 607 588 397 82 179 785 524 769 818 474 808 77 902 452 314 356 672 248 253 837 672 543 531
242 558 575 395 223 215 24 698 419 647 831 380 619 230 737 445 390 496 478 220 450 792 690 383 574
76 679 810 313 371 339 245 896 619 811 1077 137 638 444 827 692 639 727 485 471 603 1016 939 175 826
659 396 111 660 364 591 484 284 153 332 393 835 630 460 566 106 299 458 581 269 660 328 275 773 250
531 251 273 493 217 564 410 314 37 268 560 720 459 469 439 254 396 564 404 265 702 440 451 627 418
563 681 447 697 431 290 319 661 445 686 621 671 838 132 872 288 109 176 727 184 282 674 476 705 328
828 339 215 757 513 834 701 30 263 175 393 1019 600 712 438 352 551 700 616 513 916 179 362 915 437
602 200 652 397 416 847 654 522 436 363 913 784 76 814 180 676 809 975 200 640 1055 713 838 604 836
569 836 637 755 542 204 345 848 616 862 796 621 957 141 1026 478 292 248 828 335 101 864 655 708 503
531 659 446 664 400 270 287 653 426 670 633 642 809 112 849 287 126 209 696 157 293 675 488 672 343
295 715 686 505 380 81 132 837 562 797 918 348 766 200 894 540 428 483 621 316 346 912 773 431 639
168 739 815 407 412 261 224 926 647 856 1070 158 723 388 897 684 604 672 569 457 520 1031 928 271 804
769 877 552 918 651 438 528 793 627 852 627 852 1053 311 1064 415 230 63 947 400 265 754 501 912 355
27 628 774 267 325 353 230 851 576 762 1045 181 587 442 775 662 623 721 434 446 618 975 909 160 802
498 473 308 563 265 383 290 479 237 482 555 656 645 258 662 169 188 351 549 62 480 534 415 628 309
544 535 311 626 331 378 320 509 291 530 531 690 713 235 724 155 119 283 618 92 436 541 387 678 264
778 174 529 612 511 936 757 330 389 184 745 971 326 862 91 610 785 952 420 662 1099 518 704 812 745
1061 654 290 1037 757 961 881 332 510 492 130 1237 916 811 749 428 587 681 919 654 955 142 231 1169 382
763 186 586 582 516 948 764 396 427 245 810 953 274 885 24 656 824 992 385 689 1124 585 764 785 797
1060 668 288 1042 759 951 876 350 514 508 104 1234 930 800 768 420 573 662 928 647 939 161 212 1171 364
814 1013 714 993 755 447 586 953 770 1003 787 859 1168 368 1202 572 378 224 1049 516 197 919 665 953 520
403 234 589 232 227 645 452 541 348 405 873 592 190 627 351 566 660 818 83 473 866 715 771 428 733
295 334 504 268 36 450 259 545 279 454 789 490 390 426 505 432 483 632 264 287 665 683 667 384 595
211 752 798 448 420 210 206 922 642 861 1045 206 754 344 918 661 568 627 601 433 466 1018 901 324 773
268 341 573 194 113 491 298 591 339 484 859 464 343 487 493 507 559 706 202 362 721 741 739 332 671
478 434 308 530 228 397 284 460 205 452 568 643 604 284 624 184 229 392 509 78 512 529 431 604 336
451 811 692 657 489 74 257 878 620 866 886 484 896 145 997 534 375 376 756 341 190 922 741 586 594
507 178 348 434 197 597 426 336 107 247 631 701 373 521 369 340 474 642 324 324 759 488 531 587 504
585 851 646 771 558 218 362 859 630 875 799 634 974 158 1041 488 298 245 845 349 87 872 659 724 506
610 854 631 792 569 248 383 850 627 871 776 665 985 170 1045 474 281 214 859 350 94 855 637 750 484
715 814 503 857 588 399 472 741 566 794 603 806 989 261 1002 360 169 27 883 336 265 713 471 858 320
893 456 168 849 582 848 739 144 328 298 271 1078 718 712 560 327 519 652 722 527 894 75 260 993 364
600 772 530 757 508 276 360 751 537 779 680 684 921 141 963 374 180 149 803 271 195 754 539 743 387
123 716 823 361 399 308 242 921 642 842 1085 127 684 425 869 698 632 710 531 474 569 1034 944 218 826
507 218 643 304 341 764 571 549 411 396 917 689 74 742 265 645 759 921 105 579 982 735 829 510 809
822 1068 790 1015 795 447 606 1025 831 1068 870 849 1210 397 1258 643 446 301 1085 566 182 997 746 958 600
364 351 712 141 302 670 481 667 469 527 996 533 202 681 430 676 750 900 61 555 911 842 891 348 843
594 727 477 737 475 296 351 698 488 728 634 692 883 145 917 320 128 141 771 229 248 702 491 736 340
632 634 336 731 440 405 395 564 383 609 500 761 821 247 820 182 16 182 728 192 390 559 355 770 209
303 755 729 525 418 85 171 880 605 840 958 331 798 230 932 581 463 507 650 359 345 955 813 433 677
790 1046 779 984 768 414 575 1012 811 1051 870 816 1184 369 1237 630 432 295 1058 543 149 990 744 926 595
501 296 720 276 385 790 598 627 485 474 995 671 68 783 318 714 819 978 98 633 1020 814 905 482 880
396 323 700 176 309 693 502 644 458 501 983 568 168 696 396 672 755 908 31 562 930 822 881 383 839
692 190 636 494 477 912 723 473 444 314 880 877 170 866 84 683 834 1002 296 680 1107 665 820 701 835
495 412 284 534 230 426 309 431 178 424 549 664 591 312 602 170 241 407 503 107 538 503 415 618 329
659 919 687 849 633 288 440 909 691 935 816 700 1049 233 1110 531 334 240 921 416 52 908 680 797 527
72 682 832 294 383 375 276 909 635 819 1102 124 627 479 824 717 671 761 474 499 639 1034 965 141 855
186 574 625 358 237 230 57 737 457 675 886 325 609 277 746 499 448 549 463 276 482 839 746 328 631
153 478 620 237 162 360 174 688 414 602 897 344 483 387 638 519 516 641 335 323 606 815 765 268 670
657 106 356 544 357 759 591 228 192 91 607 853 367 673 253 416 588 755 386 470 906 413 540 722 559
748 579 176 796 492 580 532 421 331 505 320 902 808 426 749 97 199 317 746 300 572 381 175 876 70
418 683 560 588 375 129 181 741 484 730 771 506 790 41 872 405 269 325 658 204 265 790 625 560 485
