1
3
5
20
100
100000
20000
50
20
300
1 
1 
1 
1 
1 
22160 21560 14040 2280
22520 30800 23400 21440
29320 29960 5920 7840
14440 22800 24440 17960
34600 41240 18920 24720
14880 25080 34560 27520
10560 10520 24680 12120
5720 15800 34800 24720
22680 29080 16600 15280
15640 16200 18840 6240
36640 36200 8360 14920
10120 4320 30680 17880
17960 13560 23600 11120
21800 24480 11280 5040
27640 31280 7280 11080
3480 9440 36400 24720
31920 29600 13720 11440
8880 14680 24320 13800
27280 34520 19440 20880
24640 20320 20640 10640
168 816 665 763 737 456 222 543 38 515 286 349 321 227 340 734 479 520 332 411 435 696 186 330 624
521 428 600 475 527 128 485 166 423 545 672 350 629 322 204 357 502 350 64 202 649 315 357 456 337
189 843 717 808 786 493 174 564 31 481 272 401 347 208 385 753 530 569 356 414 474 728 238 293 668
142 1084 741 958 890 703 396 822 260 734 72 490 171 492 556 1014 545 689 610 696 348 954 342 547 832
734 315 805 573 676 310 602 100 610 514 865 586 856 429 438 177 733 548 264 198 887 293 590 512 467
620 738 46 366 219 451 854 660 671 1059 791 291 582 767 376 784 188 212 583 755 446 592 455 914 342
508 496 705 597 649 252 393 208 381 421 635 425 638 221 292 391 585 464 81 93 690 409 383 342 461
188 761 511 638 595 373 374 515 185 637 363 197 280 332 225 706 326 381 313 448 332 625 33 463 506
321 627 475 524 504 239 425 391 277 622 492 162 407 325 101 579 323 287 204 365 424 491 134 472 386
154 789 554 682 640 406 335 535 140 611 323 243 267 310 264 727 367 426 327 448 344 657 75 433 548
683 435 853 667 753 362 505 190 545 393 796 597 819 337 456 293 754 599 250 109 873 405 566 401 548
574 723 83 372 236 417 806 628 623 1013 747 243 542 720 332 760 147 181 541 714 413 575 407 867 328
666 281 640 414 508 152 618 68 570 620 819 450 765 448 305 223 584 383 205 264 768 181 492 568 299
343 770 294 524 433 390 598 589 404 846 516 89 325 542 236 760 102 254 433 600 244 620 190 681 423
347 618 424 483 455 226 476 402 321 672 522 117 414 377 67 583 279 237 233 401 408 477 147 524 348
899 50 733 380 528 345 858 259 812 815 1058 635 985 686 507 162 738 502 449 478 961 100 714 795 346
437 788 894 880 902 532 134 502 280 233 479 575 596 96 497 664 727 693 350 289 718 711 443 53 738
842 181 605 245 392 283 854 293 776 864 1011 543 910 689 432 278 627 387 433 510 867 76 647 814 220
979 35 808 439 594 427 924 322 888 856 1136 718 1067 750 590 176 820 582 522 533 1045 183 796 851 422
829 139 645 306 447 269 815 236 751 806 992 551 907 646 427 213 650 413 396 456 877 18 639 766 258
852 102 750 428 564 315 788 185 755 731 1005 615 949 614 477 91 732 505 388 399 939 121 675 717 367
702 881 109 486 326 605 972 815 779 1198 861 416 631 901 521 935 272 366 732 905 469 739 565 1045 488
156 1084 671 921 840 695 471 835 308 807 167 450 86 545 539 1027 480 649 626 732 259 947 325 618 803
775 620 226 203 47 441 956 622 795 1107 953 419 762 839 440 700 371 244 612 770 640 491 588 987 256
666 880 98 494 336 590 939 801 745 1171 824 387 594 872 498 928 239 353 710 883 431 735 532 1015 485
635 461 326 185 190 209 755 398 618 879 814 289 667 623 240 504 341 101 383 538 594 313 434 769 72
312 955 892 970 958 639 76 668 197 403 289 577 462 244 552 846 703 741 478 477 617 857 413 225 828
295 1099 546 863 753 708 639 884 449 963 363 418 137 677 545 1069 378 596 690 827 108 952 364 774 766
851 312 505 112 270 326 916 408 810 968 1027 517 895 761 439 419 566 331 502 611 825 211 650 897 162
409 741 233 468 370 374 651 582 462 884 582 100 388 583 237 743 61 204 446 617 290 589 245 725 377
238 737 645 703 690 383 240 462 115 485 367 324 381 182 283 653 470 474 252 337 472 619 184 312 562
699 440 343 121 157 251 814 418 681 925 878 351 728 678 303 502 389 156 431 578 649 299 498 822 52
520 681 156 364 254 353 737 566 558 940 696 175 504 648 259 706 126 128 469 642 395 530 343 794 294
610 352 494 305 371 52 642 213 546 713 778 333 685 488 205 347 451 238 230 362 659 206 417 626 170
521 528 311 299 270 186 658 398 509 813 700 178 556 539 139 541 261 60 323 492 494 377 321 687 177
668 689 101 303 150 433 882 636 707 1067 842 324 641 783 383 746 246 198 581 750 511 548 492 931 297
356 728 295 491 409 348 588 548 400 823 533 49 354 521 196 718 119 220 397 566 285 578 183 663 385
470 583 757 683 723 334 307 295 327 346 578 457 612 133 342 469 619 528 151 109 688 501 380 250 543
509 654 859 786 830 439 267 372 354 240 587 553 661 117 445 525 713 634 257 152 757 587 456 165 648
689 262 571 317 417 130 686 162 612 714 852 425 771 522 293 260 541 319 265 357 751 122 500 650 208
343 927 339 657 542 548 660 744 457 946 486 246 252 642 392 918 167 397 576 736 103 777 280 768 570
826 876 196 458 302 653 1078 853 892 1283 989 516 763 993 599 950 389 419 801 971 602 744 675 1140 499
262 684 498 579 550 298 388 441 224 614 432 177 354 310 157 630 329 333 242 389 389 549 83 452 443
716 373 836 625 720 340 559 145 584 455 838 599 846 388 453 231 751 580 260 155 888 351 585 461 512
702 536 254 155 72 328 857 512 706 996 881 344 709 733 338 602 338 149 501 657 608 397 507 881 150
807 144 652 329 463 250 784 201 725 772 969 540 890 615 412 190 646 413 367 422 866 22 620 733 267
567 790 69 436 294 475 822 687 632 1048 733 265 516 749 375 824 129 244 587 760 373 641 416 894 396
227 1046 540 830 731 654 571 823 380 893 314 372 74 607 491 1010 358 560 626 759 110 901 300 705 725
283 729 697 730 729 397 199 447 138 425 391 377 433 122 319 635 527 514 244 297 531 621 243 253 588
529 617 850 761 810 415 303 337 377 258 616 549 679 145 434 487 711 618 237 116 767 554 463 202 624
709 498 923 745 830 436 493 267 562 333 807 657 852 337 519 349 816 671 308 142 919 480 610 371 625
869 155 634 266 418 309 873 301 800 872 1037 573 939 706 460 266 658 417 452 521 897 80 675 828 250
236 974 462 747 648 583 573 761 372 881 363 294 126 584 420 945 276 478 571 715 70 827 247 696 645
611 793 1033 963 1010 617 289 526 454 63 643 721 770 241 622 650 879 813 437 307 890 747 605 136 826
302 946 385 691 582 561 628 751 425 922 440 261 205 621 401 929 207 427 574 729 67 796 263 741 598
902 113 680 309 463 341 891 305 827 872 1067 614 976 721 497 239 702 462 472 526 939 94 710 839 296
408 767 228 487 382 401 662 609 470 902 579 122 377 600 262 770 39 227 470 641 270 615 255 741 400
566 397 650 496 562 163 498 119 458 521 710 406 679 328 260 311 557 397 92 168 704 300 409 452 364
252 716 630 681 670 361 258 443 136 491 386 309 390 186 262 634 459 454 232 325 473 597 177 321 540
865 250 559 173 330 321 907 370 813 938 1038 544 919 747 451 362 607 367 488 582 859 160 665 877 194
322 722 734 748 755 408 182 436 170 382 417 414 473 78 345 621 566 542 242 270 575 620 286 214 605
685 831 64 439 280 558 942 766 753 1160 848 382 624 865 479 885 248 318 688 861 469 689 537 1010 438
861 131 794 480 614 341 774 179 756 697 1008 642 964 600 501 38 766 545 389 377 964 172 691 695 414
699 743 1070 959 1022 623 390 497 541 96 743 768 856 311 655 594 929 836 452 295 965 716 670 237 828
191 1132 782 1006 936 751 419 867 300 757 68 537 203 527 604 1060 587 737 656 737 378 1001 390 572 880
193 751 530 643 605 367 353 501 169 613 363 213 296 308 225 692 347 390 296 426 355 618 56 439 509
314 1058 480 805 692 670 658 853 461 972 409 373 169 679 508 1035 317 542 667 812 48 909 344 786 713
553 659 150 331 218 347 760 558 585 954 730 203 540 665 269 692 160 112 475 647 431 510 372 812 268
648 638 145 265 129 379 844 581 675 1019 825 295 633 739 338 692 246 146 530 698 516 495 464 887 244
292 880 356 635 534 495 597 686 394 878 448 195 230 574 335 863 164 367 512 670 131 731 211 701 536
642 794 12 413 259 509 892 718 705 1108 808 331 590 813 427 842 204 270 636 809 441 649 488 958 399
525 473 385 311 318 112 621 324 490 752 701 213 580 489 113 473 325 130 258 422 539 323 324 636 171
708 736 93 335 175 491 934 693 755 1125 880 373 670 839 440 798 276 256 639 808 530 597 539 986 347
651 548 234 197 117 302 811 497 656 961 830 292 658 692 293 601 293 100 466 628 561 404 456 840 153
621 601 182 251 142 330 803 533 639 972 799 263 617 694 292 648 242 98 481 648 512 455 431 842 206
551 570 832 725 781 383 346 291 403 293 648 540 697 181 417 440 702 595 211 70 776 509 468 249 590
635 319 527 313 393 75 651 185 565 705 801 367 714 492 235 312 486 271 233 350 693 176 445 627 186
302 641 531 570 557 264 370 388 233 570 463 214 408 270 149 579 373 341 185 331 447 511 141 416 430
272 1146 634 935 833 754 604 915 430 937 295 476 122 666 591 1104 459 665 714 837 195 1003 392 748 830
560 901 1054 1032 1061 683 216 624 412 147 558 734 717 256 658 764 885 854 499 403 855 841 597 107 891
601 512 280 222 186 230 742 431 594 886 780 248 624 619 223 550 289 51 392 554 545 363 402 767 124
344 819 291 560 458 441 622 641 424 884 510 141 302 579 288 811 94 294 482 647 199 669 218 714 466
619 682 972 870 927 529 336 419 461 151 680 670 774 226 557 539 831 739 356 206 875 640 576 192 736
765 186 623 320 444 207 748 179 685 749 927 499 848 580 369 209 608 379 329 395 825 49 577 701 242
754 480 323 84 94 328 886 490 746 1002 933 398 770 753 370 559 408 199 508 654 676 349 555 898 123
788 333 460 102 240 271 861 379 749 928 964 454 832 710 376 419 508 270 452 572 764 207 586 848 99
688 384 399 154 225 195 775 351 654 868 864 354 731 631 278 437 419 178 379 517 668 238 486 773 15
523 598 828 737 786 391 313 316 373 282 616 530 671 148 412 471 691 595 213 97 754 532 448 221 600
903 68 716 355 505 345 873 277 820 838 1064 630 985 701 505 191 727 489 459 498 956 94 715 813 329
303 915 864 932 923 600 49 627 173 387 304 547 458 205 516 806 678 706 437 438 606 816 386 202 790
258 713 637 684 675 361 253 439 138 483 390 316 397 178 266 630 466 459 228 318 482 596 185 314 542
226 1167 757 1011 930 780 498 912 362 836 151 541 172 595 626 1104 567 740 701 796 332 1032 411 649 893
59 980 694 874 820 603 315 715 154 648 125 416 190 390 462 907 497 611 503 589 352 852 254 459 744
156 820 491 666 606 429 414 583 213 697 335 202 213 395 271 772 297 399 383 520 261 680 59 518 541
740 481 938 746 837 447 526 266 594 356 840 678 881 371 538 329 836 684 329 169 946 472 637 403 630
946 109 712 330 487 385 932 342 871 905 1111 656 1020 762 541 254 741 501 515 563 980 137 754 877 332
313 893 344 637 531 510 621 703 418 903 465 208 241 599 351 879 157 372 533 692 122 743 236 726 543
427 713 225 439 344 351 657 560 472 880 603 96 415 581 220 719 80 174 432 604 320 562 255 725 347
444 575 333 377 340 199 590 407 434 766 622 111 483 481 82 569 233 123 291 464 436 426 243 629 251
269 974 867 966 946 644 121 688 174 454 237 556 415 274 545 870 676 729 491 507 574 870 389 274 826
