1
3
5
20
100
100000
20000
50
20
300
1 
1 
1 
1 
1 
25960 20560 19040 15280
16400 19520 36880 25280
27600 20920 4480 13600
15320 9440 16520 6280
2920 9720 29720 18400
17440 13760 22400 13000
20000 19600 31920 21840
11600 4640 16120 4200
16640 9640 10640 2200
22280 15400 5160 7680
6440 3920 22760 10760
7880 4400 20560 10440
30920 25960 23640 20960
13240 10040 19360 12520
8480 13640 31880 21720
12680 13680 27000 19240
31640 25360 9800 18840
19320 23280 38200 30160
30280 23320 8000 14680
18880 16480 21680 17920
354 701 358 175 923 482 924 105 416 742 564 802 404 266 127 570 512 598 480 795 671 238 952 207 537
142 935 777 566 851 840 974 392 618 601 780 972 488 420 397 590 399 980 252 553 352 378 579 676 133
813 289 241 422 820 115 667 688 380 805 304 433 526 538 585 574 709 41 802 940 947 827 1194 430 943
782 73 377 476 615 220 450 736 299 638 146 217 437 506 604 424 598 257 720 784 831 878 1051 551 875
712 356 677 644 205 565 163 819 379 296 320 266 386 526 673 229 412 656 560 448 577 944 718 787 715
255 699 415 207 857 515 882 90 390 662 552 785 344 203 58 510 426 643 382 704 572 225 852 293 436
403 491 577 452 395 537 473 550 260 212 357 489 146 271 414 92 109 670 256 315 329 660 561 613 416
770 422 761 727 138 646 129 894 462 303 401 313 460 601 749 297 461 732 608 446 599 1015 708 870 756
861 445 228 440 968 210 822 687 485 933 446 588 622 602 612 698 809 118 882 1059 1044 815 1303 390 1011
457 347 337 260 554 299 522 460 26 444 192 415 123 188 314 215 307 437 404 558 544 597 798 407 555
802 63 496 559 500 346 317 803 332 563 166 85 442 543 662 378 573 390 709 715 793 944 986 657 870
192 701 457 245 815 542 855 134 382 609 549 776 313 177 73 473 371 675 317 643 507 245 786 352 371
254 585 553 384 539 556 620 419 289 323 434 610 142 179 297 230 87 697 141 371 292 517 565 542 298
685 715 939 830 220 868 456 903 612 164 639 635 523 643 779 387 398 983 493 176 382 991 389 990 593
262 772 757 574 577 766 726 529 496 324 629 773 349 371 449 376 178 907 90 275 101 583 381 724 157
530 276 389 348 482 311 430 553 81 410 125 326 171 275 407 176 327 437 449 541 563 689 797 487 607
623 1031 1119 949 615 1100 842 905 822 431 915 984 685 744 830 632 499 1235 472 278 281 938 7 1103 452
537 545 133 120 899 279 840 334 344 773 438 669 415 325 277 557 581 376 606 864 790 463 1068 70 705
810 451 803 771 125 685 118 938 506 327 440 333 504 645 793 340 500 766 644 463 626 1059 720 914 790
281 522 418 246 614 438 644 333 201 433 367 579 102 46 191 265 218 580 257 504 429 456 704 405 392
542 262 327 306 542 249 475 532 60 472 107 339 199 272 389 238 372 378 482 601 610 672 853 435 636
725 512 107 299 969 221 863 523 432 888 457 653 545 489 467 657 727 241 775 998 951 646 1223 218 887
921 470 863 854 210 733 89 1037 588 439 495 333 604 744 890 444 612 796 758 570 739 1162 818 990 905
268 900 595 399 1010 710 1063 132 587 789 751 982 520 386 256 677 549 832 454 796 626 53 887 437 434
303 850 522 335 1002 645 1037 69 546 793 705 940 497 357 214 660 553 762 477 816 658 74 928 360 482
458 952 985 804 622 983 823 742 707 391 821 926 563 601 675 545 378 1122 319 255 140 772 168 953 285
301 830 502 314 988 624 1019 49 527 781 685 921 480 340 195 644 542 742 470 807 653 95 925 342 482
414 527 222 13 799 316 771 264 259 653 393 632 294 192 161 449 450 444 472 735 655 406 934 173 576
556 553 747 642 226 680 385 739 420 53 458 498 336 464 606 195 244 799 375 206 342 840 479 801 511
526 285 294 269 577 230 512 501 50 496 135 371 198 251 360 262 379 365 480 620 617 641 867 398 630
657 662 886 781 189 813 415 864 559 121 584 584 474 599 737 334 360 928 467 179 376 957 421 941 578
815 161 581 620 412 436 219 848 370 507 224 44 455 572 703 355 557 488 701 660 761 986 933 731 862
579 680 860 737 267 802 477 799 535 79 584 619 432 546 678 314 294 924 388 99 290 885 362 898 493
592 297 178 237 694 112 602 501 170 624 193 419 308 315 379 389 495 253 579 745 731 644 988 320 719
897 211 651 701 428 500 202 933 455 560 304 69 538 657 788 431 632 535 778 713 828 1071 984 808 938
108 712 597 397 675 636 767 333 398 441 558 750 264 214 255 377 207 778 109 447 298 402 578 538 195
639 812 985 851 351 933 582 885 664 212 718 745 551 653 775 445 392 1057 450 109 299 956 257 1012 518
320 906 576 391 1046 701 1088 125 601 831 761 995 546 408 268 707 591 817 503 845 678 19 942 409 490
809 45 415 512 602 257 426 770 326 640 165 187 460 536 637 433 614 284 740 788 845 913 1057 589 897
378 453 296 149 662 322 648 335 142 517 303 536 158 101 191 311 328 463 379 608 550 474 822 308 509
390 552 636 499 391 601 501 570 323 174 421 542 199 306 441 147 77 735 222 255 267 669 496 660 375
832 30 458 550 578 301 391 805 351 632 184 148 477 562 669 436 623 324 754 783 850 947 1054 631 913
640 516 765 684 141 680 298 806 441 134 444 440 384 521 667 224 327 789 463 278 433 914 545 839 602
659 213 508 500 377 391 279 708 235 392 146 194 300 423 561 205 404 485 545 542 618 842 813 630 707
750 214 585 594 344 454 192 806 333 422 217 129 394 521 659 278 480 528 626 576 679 941 848 720 786
387 444 290 151 659 313 642 344 134 518 294 527 159 110 201 309 332 454 387 610 555 483 827 309 518
631 285 557 523 315 452 262 710 257 320 209 247 283 418 562 154 355 553 501 471 558 839 743 664 662
486 330 426 355 457 363 436 536 100 360 182 364 124 247 389 126 269 492 394 487 504 668 740 504 553
511 844 943 784 467 916 678 776 638 252 727 802 505 579 682 445 323 1050 332 103 155 832 182 942 371
506 474 643 543 287 578 380 658 316 143 364 440 239 374 520 92 196 701 343 283 366 768 551 701 495
551 425 93 139 797 174 724 405 244 695 318 548 346 296 307 468 527 297 581 800 753 545 1023 191 702
762 47 443 506 521 295 357 752 285 559 118 138 405 497 612 359 547 350 679 709 773 893 979 603 838
738 116 330 424 625 176 477 685 259 628 123 255 401 461 554 405 569 236 685 770 805 827 1033 500 839
616 366 623 567 247 528 258 729 308 242 289 312 294 435 583 134 319 634 468 395 499 851 667 716 624
850 502 860 826 110 741 144 988 562 347 497 379 554 696 844 389 538 821 679 472 647 1107 718 970 821
508 844 941 782 469 915 679 773 637 253 727 802 504 577 679 444 321 1048 329 104 152 829 183 940 368
459 570 201 64 873 328 836 261 326 729 446 684 370 263 199 524 524 440 537 810 723 395 1003 99 630
490 326 427 358 455 362 432 540 101 361 179 359 129 251 393 126 272 490 398 488 507 672 742 506 557
275 897 587 393 1012 704 1063 125 585 793 748 980 520 385 253 678 553 825 460 802 633 46 895 428 443
688 239 561 550 331 442 227 752 285 373 197 185 334 464 605 215 417 530 563 526 619 885 798 683 723
241 871 575 375 977 686 1030 113 556 757 721 951 487 353 227 644 517 810 425 767 599 81 863 424 413
624 780 955 824 325 902 554 865 633 180 686 713 523 627 752 414 368 1025 434 92 294 940 283 985 511
659 194 486 484 401 368 297 698 223 412 122 191 298 417 552 216 413 461 552 561 631 834 831 612 713
358 525 279 81 749 349 737 256 228 592 381 618 236 124 124 396 384 484 405 670 588 397 866 239 513
632 250 208 287 676 97 569 551 185 625 161 376 330 353 426 390 514 229 608 753 752 693 1002 365 752
483 320 356 293 525 302 487 495 30 428 164 381 134 220 349 195 310 436 418 548 548 632 795 437 572
431 597 237 74 879 362 852 225 340 726 469 708 370 253 171 528 515 476 518 801 706 360 987 116 604
293 845 522 332 993 643 1030 64 540 784 700 935 489 349 207 652 544 761 467 806 648 77 918 362 472
440 698 798 649 391 766 569 676 488 140 577 665 359 447 565 295 185 898 248 101 159 752 333 809 350
554 267 272 271 597 198 520 514 84 526 125 364 231 276 376 292 413 331 512 652 651 656 900 389 661
225 761 477 271 892 580 930 64 448 684 612 843 388 250 117 550 445 707 379 713 566 170 841 344 409
606 240 476 452 396 372 325 655 186 375 134 244 246 369 507 166 360 479 498 521 581 789 789 588 659
666 148 330 382 572 198 450 632 183 554 50 258 322 392 496 328 489 295 606 694 725 774 955 481 760
441 403 246 148 667 258 629 378 117 544 259 497 192 164 241 324 374 400 438 646 603 520 870 294 572
209 615 548 367 586 565 666 378 308 367 462 647 167 163 263 274 127 707 127 404 302 472 580 521 272
100 807 584 372 849 667 922 190 485 621 653 870 386 273 201 531 384 802 282 624 457 223 725 470 281
374 462 293 139 673 324 659 325 153 526 313 547 167 99 181 321 334 465 381 615 553 464 826 299 508
772 438 137 349 930 163 804 596 419 874 408 582 549 518 521 639 735 145 801 994 967 725 1231 302 925
79 724 580 375 715 630 799 290 405 484 569 770 281 207 222 407 248 771 153 492 340 357 618 508 213
553 250 372 347 498 285 432 564 86 438 97 309 198 292 419 205 358 408 478 571 594 702 828 479 635
473 591 728 601 313 679 466 671 406 72 476 554 296 410 545 195 167 807 288 171 261 765 435 762 422
367 652 717 562 428 694 574 590 416 179 521 637 279 359 477 246 98 830 177 189 168 671 403 722 307
523 602 767 648 270 711 442 723 443 20 498 553 342 460 597 223 220 835 336 153 286 817 425 809 463
705 563 836 759 80 745 293 879 513 173 505 472 460 596 742 299 393 849 523 291 470 985 543 914 654
584 319 158 218 712 114 623 485 180 636 214 442 313 309 365 402 499 256 579 755 735 627 994 297 716
383 492 259 82 731 319 711 288 200 583 349 586 224 131 156 379 384 455 417 668 596 430 872 243 532
522 836 943 787 451 913 664 784 636 240 721 791 505 582 688 439 325 1046 341 89 168 843 189 946 386
520 459 116 101 809 215 747 365 254 694 346 579 340 274 271 472 516 335 560 794 736 504 1010 162 675
571 632 819 703 241 757 437 778 493 38 538 572 397 516 652 270 273 878 382 138 308 870 407 864 500
342 535 574 430 450 551 534 502 274 245 393 543 136 235 371 149 58 688 198 320 295 605 546 591 358
592 465 46 166 860 189 781 416 309 760 372 595 410 349 338 533 589 286 635 864 811 550 1084 155 750
662 143 354 395 545 225 424 640 180 530 24 241 313 391 501 306 473 321 594 672 708 782 934 500 751
306 737 754 580 521 750 674 561 476 268 599 731 330 375 468 335 148 890 119 226 92 624 367 735 213
839 360 230 431 889 152 739 691 430 866 370 503 572 570 600 633 758 33 843 998 995 825 1248 412 978
975 477 889 892 267 752 114 1083 626 499 521 336 651 790 936 495 668 806 815 629 799 1210 875 1023 963
692 399 72 274 859 107 748 532 336 792 342 538 463 433 445 558 649 171 715 910 880 666 1145 260 841
675 504 774 703 111 683 264 834 453 170 442 420 408 547 694 244 361 787 500 311 470 944 575 857 640
764 224 602 612 335 470 175 823 350 425 234 128 409 537 676 289 490 541 637 578 686 957 850 737 797
743 545 841 776 37 743 251 908 523 218 500 445 482 621 768 318 430 841 564 338 517 1017 588 929 698
617 209 444 434 432 335 345 648 172 413 94 233 255 369 502 199 385 440 519 558 611 784 824 564 680
