1
3
5
20
100
100000
20000
50
20
300
1 
1 
1 
1 
1 
30280 11600 13960 14880
47120 26680 11080 31800
37160 19160 33600 27400
26440 5400 24640 13720
23680 18840 22960 13040
33360 18360 37200 25880
32520 22720 15520 19800
25600 8280 30280 15920
30640 26360 23080 21120
18480 22080 31200 14120
12080 9760 33920 7360
18360 6480 25080 2960
38080 21960 5240 23120
7320 18240 42400 14960
5360 24600 47520 19720
14600 15520 41040 16040
9560 13040 33400 5840
28880 15280 14360 14280
34320 12840 18560 20040
20800 800 25680 7560
571 504 499 393 466 199 625 644 286 286 646 375 398 466 412 335 108 406 543 670 535 322 200 373 184
438 397 514 211 619 372 781 603 275 410 558 560 311 610 444 134 101 606 348 492 335 185 400 457 122
73 678 400 181 724 582 870 354 300 773 238 887 162 969 808 338 452 847 433 607 257 494 700 491 329
608 293 659 368 678 411 836 767 421 272 729 466 480 472 272 235 137 587 393 486 453 133 357 566 269
559 276 644 312 702 438 862 737 404 336 689 528 445 536 321 172 143 634 332 435 389 82 407 569 249
471 780 210 448 274 203 428 392 160 580 457 574 288 725 725 500 365 435 708 871 614 572 385 66 272
727 934 401 692 40 230 196 595 414 606 692 500 546 685 795 714 524 263 929 1079 858 745 366 228 486
975 493 928 747 774 546 896 1078 721 148 1073 282 821 134 185 617 458 540 742 776 833 485 371 777 597
736 346 734 505 674 411 822 865 508 135 844 351 592 331 173 377 227 523 524 592 595 260 295 611 369
147 897 356 399 747 681 868 210 399 949 59 1028 271 1136 1009 554 632 935 646 816 463 708 834 516 494
616 136 782 362 875 613 1036 846 546 453 771 669 551 638 353 209 315 803 224 273 360 94 573 730 396
901 772 694 756 407 290 498 880 573 328 932 138 712 330 534 697 468 130 895 999 901 646 166 509 535
393 822 106 428 348 312 484 282 152 673 354 683 230 828 803 513 424 542 707 878 587 610 491 113 303
937 758 746 780 466 337 555 930 613 302 977 87 751 276 504 710 483 185 902 997 919 646 188 562 563
311 498 630 174 891 688 1049 607 461 740 485 909 366 941 708 235 451 942 198 362 17 370 749 676 395
666 514 575 482 478 215 627 730 376 204 739 283 492 373 362 406 179 356 603 714 615 359 128 430 279
676 1009 307 695 121 329 204 490 405 729 608 644 513 826 906 748 591 412 958 1119 859 808 494 189 518
909 574 806 707 615 404 732 970 620 111 985 127 738 128 298 602 400 375 766 835 821 502 220 641 521
632 511 546 451 469 202 622 697 342 234 705 314 458 407 380 381 152 370 583 700 587 346 149 405 245
344 541 369 197 526 319 687 462 132 498 433 600 181 689 572 232 184 580 439 602 361 329 415 333 43
479 441 489 278 547 293 709 602 252 358 578 486 326 553 428 217 39 523 429 567 415 236 320 404 104
1137 658 1054 917 842 650 941 1217 864 299 1225 306 975 121 350 791 620 571 918 945 1008 661 465 888 753
584 833 287 550 166 163 326 480 268 567 561 518 401 687 736 583 415 340 797 953 716 633 344 99 353
403 361 564 149 718 480 881 620 336 493 548 662 325 694 486 26 208 717 241 397 233 164 510 538 204
233 836 152 366 529 475 656 149 214 788 171 835 152 962 883 496 493 721 652 829 497 628 640 297 350
1010 601 917 799 715 514 822 1080 729 178 1092 188 844 23 298 682 495 456 829 878 901 566 329 752 624
754 239 805 507 781 514 931 918 570 226 880 454 632 397 127 360 281 637 462 503 566 212 408 699 419
800 390 776 572 682 427 822 916 558 75 902 303 650 263 153 446 285 502 590 649 664 326 284 642 426
1041 669 921 840 690 511 787 1092 747 228 1113 153 868 56 368 731 533 417 887 942 950 623 327 750 653
818 261 860 571 814 550 960 978 628 215 943 444 694 361 64 423 339 649 516 541 627 273 427 746 479
478 295 720 246 896 654 1058 745 504 598 646 795 462 793 528 151 367 882 67 224 186 203 664 712 381
599 313 640 362 657 390 815 751 404 268 716 456 466 469 284 236 117 569 404 502 455 148 340 545 252
461 609 346 346 390 171 553 493 142 437 509 488 274 607 561 354 193 434 569 722 508 404 293 237 127
763 128 866 508 880 611 1034 960 627 338 905 566 666 495 187 352 348 749 399 408 533 195 519 778 472
351 773 140 372 388 311 531 287 100 649 334 676 178 812 767 458 383 557 651 822 531 560 482 152 255
641 142 771 386 833 567 992 851 532 383 787 601 555 567 288 229 276 744 290 341 410 75 512 703 377
723 873 427 663 113 171 257 622 397 533 706 429 536 613 724 670 469 207 886 1030 827 690 293 242 447
417 382 529 177 659 416 822 604 294 446 547 604 309 647 462 88 146 653 303 453 290 171 447 487 150
431 797 159 434 307 254 453 340 145 623 407 626 255 774 760 502 390 486 704 872 597 587 435 74 281
291 591 322 191 526 346 684 402 100 558 372 650 120 746 633 265 246 611 459 629 357 379 461 315 103
929 1085 588 890 191 396 132 777 616 698 886 531 749 723 902 899 693 264 1115 1256 1055 912 466 427 677
454 495 435 278 501 257 664 555 200 389 540 494 288 579 477 248 88 502 463 610 428 288 315 350 66
761 267 798 517 761 496 911 916 565 198 883 426 633 371 118 373 276 611 485 530 583 230 384 686 417
785 644 626 624 421 214 547 801 468 232 835 161 601 316 434 558 329 221 755 862 764 507 34 453 408
751 3 908 497 968 700 1126 980 670 461 906 689 684 619 306 344 415 860 321 292 482 210 629 843 516
195 901 250 408 645 600 762 113 331 899 50 958 229 1079 980 555 593 846 680 855 506 701 763 417 450
587 164 765 334 874 615 1036 823 531 478 743 691 528 666 386 185 316 814 191 256 326 99 586 721 385
326 997 192 516 584 596 681 19 367 939 170 966 311 1105 1043 654 652 820 797 974 630 790 773 379 511
413 855 86 459 335 326 465 274 185 698 360 698 257 848 831 546 455 546 739 911 617 643 509 107 336
846 807 610 726 307 225 404 800 513 392 863 233 656 424 597 687 460 56 895 1013 879 659 175 422 501
592 264 668 346 708 442 867 766 429 308 721 506 476 507 287 205 155 626 354 446 421 93 396 585 274
433 360 704 223 909 678 1071 713 501 654 605 844 441 851 593 175 403 916 66 242 126 262 704 715 394
707 1029 338 723 110 342 173 519 434 738 638 643 544 828 919 774 612 404 984 1145 888 830 500 218 543
173 578 444 82 722 547 876 435 288 693 333 823 180 892 715 239 374 810 344 520 185 395 644 499 268
515 380 550 292 599 338 761 658 312 329 626 484 375 529 375 197 40 552 398 524 410 181 335 465 159
921 1073 582 880 185 384 137 772 606 686 880 520 740 712 889 888 681 252 1103 1245 1045 899 454 419 666
330 882 55 437 445 431 564 162 219 780 250 801 219 942 896 551 508 660 725 900 580 670 608 222 372
116 802 272 307 641 554 773 200 270 822 110 898 143 1007 890 456 508 811 581 756 410 603 704 405 367
862 880 593 764 249 249 327 786 529 472 862 308 672 500 677 739 516 44 951 1077 922 723 249 405 539
880 866 622 772 286 261 363 814 546 447 886 274 689 466 653 739 513 7 949 1070 928 715 233 434 546
996 1145 650 959 257 462 162 836 684 747 949 567 817 756 952 966 758 305 1182 1322 1124 975 520 493 745
965 483 922 737 773 542 896 1071 713 142 1065 286 813 144 175 606 449 541 731 765 822 474 368 772 589
116 672 338 177 650 510 797 323 227 723 235 825 88 916 774 326 403 775 456 633 296 476 635 417 271
948 454 915 717 779 542 905 1061 703 138 1051 305 798 172 146 583 434 555 704 737 798 449 373 770 574
739 35 912 488 987 721 1146 976 675 495 897 723 681 656 343 338 430 888 293 255 461 217 656 854 524
621 852 318 584 132 165 294 512 304 567 597 503 438 677 742 612 436 311 827 981 750 656 337 132 383
730 735 512 612 279 110 414 698 397 368 752 280 540 455 562 581 359 162 793 921 767 569 127 329 386
1127 619 1061 901 867 664 972 1219 864 292 1221 336 970 144 313 770 610 603 888 908 985 635 480 901 746
925 470 878 699 735 500 861 1027 670 98 1022 264 770 153 170 571 408 511 704 747 788 444 329 730 546
416 581 347 292 438 224 601 477 119 455 478 526 234 634 560 307 176 487 521 677 455 372 335 266 77
550 337 597 317 637 372 797 703 359 307 667 480 418 508 333 200 80 571 385 498 419 147 347 511 206
741 810 482 649 200 133 332 674 408 449 744 342 551 525 644 636 421 148 850 985 810 637 208 294 426
547 418 540 339 554 289 714 664 309 290 645 429 393 487 368 254 31 494 456 579 465 230 276 438 169
29 768 408 274 766 650 903 316 363 865 175 970 220 1059 903 431 543 913 507 676 323 587 781 530 415
253 683 236 248 501 369 651 309 80 635 295 705 63 817 722 351 333 631 532 706 406 473 511 272 190
376 386 628 148 835 609 997 644 424 619 543 797 366 819 583 118 345 853 139 315 108 245 647 638 321
1030 648 917 826 695 509 795 1086 739 211 1105 159 859 38 347 715 519 426 869 923 934 605 324 748 642
765 407 732 544 639 382 781 873 515 79 863 289 611 280 196 425 248 469 582 654 644 318 246 596 387
876 1081 524 853 138 380 68 710 572 718 824 569 700 761 917 874 678 302 1090 1238 1019 899 479 373 648
408 575 349 281 448 235 610 475 117 458 473 534 227 639 560 297 174 497 511 668 444 365 343 273 67
1035 543 979 808 807 589 922 1133 776 202 1131 293 879 113 234 678 518 558 800 829 894 545 409 823 656
678 758 440 582 223 66 373 628 344 426 689 355 487 527 611 571 360 206 786 924 743 579 190 255 359
271 519 415 87 630 431 789 462 207 571 397 697 167 768 610 177 250 691 355 528 253 315 518 422 144
857 377 846 623 747 495 885 983 626 110 966 331 714 247 96 488 348 554 612 653 702 354 345 712 490
791 952 472 743 87 253 185 665 471 594 761 464 607 654 791 753 551 210 968 1112 908 771 354 296 530
758 753 535 640 280 138 406 722 426 372 779 266 568 446 570 608 384 134 819 944 795 591 132 350 415
781 991 441 753 43 287 138 632 472 649 738 525 602 715 842 775 583 272 990 1139 919 804 408 278 547
600 437 565 397 536 267 692 700 342 239 690 371 439 432 342 310 89 449 507 621 523 267 224 445 215
180 874 238 382 628 575 749 126 303 870 68 931 199 1050 950 528 564 823 657 833 486 673 735 398 421
217 934 265 439 662 628 775 103 362 932 49 988 262 1111 1013 588 626 871 708 882 532 734 793 438 484
754 776 516 646 250 134 377 706 420 402 768 293 563 475 599 620 399 131 833 962 803 610 161 330 420
96 655 409 159 723 573 871 372 295 754 259 872 161 951 787 315 433 838 412 586 239 471 687 491 314
761 970 426 730 30 266 159 618 450 632 721 515 581 703 824 752 561 267 967 1117 896 782 392 259 524
847 742 645 705 378 238 484 830 519 313 880 159 659 347 519 649 420 130 851 960 851 605 119 462 483
453 326 706 228 896 659 1058 724 495 620 622 813 446 817 557 153 378 892 64 236 156 227 677 707 380
142 685 300 199 611 479 758 300 193 710 229 802 50 900 771 340 393 743 484 661 331 484 611 378 255
187 573 417 76 684 507 839 423 250 662 333 787 151 860 693 228 342 771 359 535 213 382 606 462 231
202 889 222 399 616 571 734 105 304 875 79 930 210 1053 960 544 571 816 676 852 506 686 735 387 428
898 813 671 767 363 279 448 860 567 377 921 190 709 382 583 718 489 78 921 1032 917 677 190 484 544
783 748 566 657 306 164 427 752 451 352 807 235 593 417 554 618 391 123 826 947 810 593 118 381 432
