1
3
5
20
100
100000
20000
50
20
300
1 
1 
1 
1 
1 
19680 22480 1360 11280
8520 4680 19160 7200
7240 16680 22880 18560
28320 31360 7680 19880
16280 25680 21480 23240
2960 11120 17920 11320
18520 24040 6240 14760
13040 21520 29520 25320
22560 21160 10320 9960
12960 21600 15920 17480
31280 26760 21400 18600
22120 29120 12040 20920
3080 8640 23720 14880
20520 11280 33320 20640
11360 11600 12280 1840
24960 19640 19720 12960
32280 30160 17000 19560
20160 28680 17520 23120
28120 35840 18720 28160
11040 7480 29960 18760
827 301 1175 581 465 525 725 1017 515 1054 844 687 1189 332 907 187 824 940 907 606 351 106 969 972 1002
277 790 251 475 489 575 216 243 796 493 173 560 349 618 421 810 653 31 438 339 641 858 601 803 177
269 798 251 473 491 585 218 254 806 505 185 572 356 624 434 812 666 43 428 347 643 864 614 816 164
741 299 811 659 506 116 544 584 161 510 484 123 742 341 383 612 232 634 907 377 578 485 388 389 803
201 582 528 218 215 436 61 450 653 629 274 502 600 383 503 536 645 292 365 165 365 608 668 822 332
475 329 681 377 232 168 294 507 379 569 340 284 679 177 420 442 445 458 632 124 341 417 531 626 579
328 505 747 90 77 466 282 662 645 812 480 590 818 297 672 338 749 512 414 279 158 462 814 930 518
551 256 748 433 276 113 372 562 306 593 405 262 734 142 444 425 422 530 704 202 356 366 531 599 657
733 673 553 789 688 419 551 316 536 127 355 265 420 633 91 915 213 482 913 468 818 839 89 304 688
509 488 945 244 221 551 479 851 677 978 668 702 1012 324 832 183 862 710 552 445 84 370 956 1040 709
569 213 802 420 257 159 402 623 310 658 460 319 795 80 510 363 476 578 710 241 310 302 593 649 691
800 174 937 670 507 177 615 718 60 657 598 269 881 299 528 531 366 742 953 442 540 370 531 499 893
426 463 540 418 315 239 226 360 462 445 196 265 532 324 301 579 406 327 601 93 454 565 444 584 480
504 969 50 718 723 725 454 193 929 426 311 657 145 822 434 1040 698 223 639 544 877 1066 586 806 330
194 804 686 210 369 725 346 704 926 923 556 813 819 594 809 602 960 500 131 471 432 757 979 1137 385
631 777 369 748 682 516 480 142 680 120 260 396 236 689 138 955 393 342 805 458 829 919 267 487 544
542 242 837 354 192 259 402 679 391 741 505 417 851 33 592 271 575 604 665 267 213 256 687 749 690
342 541 470 378 311 331 143 322 554 463 140 351 489 379 331 608 482 245 520 101 462 623 494 655 387
368 634 846 130 242 631 406 798 797 969 622 759 943 439 833 369 918 624 374 444 220 546 981 1099 576
361 531 803 97 132 520 342 727 687 879 545 650 881 330 738 312 810 571 419 346 137 462 879 991 560
396 719 285 535 502 479 259 132 690 350 61 433 291 575 271 807 510 121 570 301 656 818 451 654 327
378 531 823 113 145 529 362 746 692 896 565 662 900 334 755 299 823 591 430 363 128 455 895 1004 579
858 189 990 723 560 234 673 769 34 694 654 310 929 345 571 559 388 798 1010 501 583 384 558 503 951
235 618 433 324 307 430 49 343 653 533 170 461 494 435 416 625 589 195 415 166 460 673 588 759 289
555 334 928 312 196 417 466 798 525 888 617 576 967 180 739 130 734 691 639 378 91 238 844 907 734
554 222 812 390 227 198 396 641 342 689 473 357 814 45 540 327 515 584 689 244 271 283 629 688 686
717 80 924 556 393 181 548 726 194 714 580 333 897 172 573 395 466 710 857 381 407 252 614 618 836
592 898 220 761 730 641 485 99 823 258 282 542 81 781 293 1028 554 285 750 520 883 1021 425 645 458
707 308 778 632 481 93 510 553 192 490 449 101 713 327 358 603 233 599 874 344 560 487 377 399 768
244 826 257 467 501 621 230 294 843 548 229 614 382 646 479 822 711 87 393 373 649 883 659 861 119
306 482 685 135 60 408 218 588 600 733 405 521 747 272 594 379 678 448 424 202 207 471 738 860 478
782 145 1075 564 419 380 649 898 361 913 735 538 1071 227 768 253 670 847 890 507 353 53 819 817 937
630 221 789 516 358 49 444 586 225 580 446 214 756 190 435 469 366 582 786 272 425 372 495 536 724
668 208 816 555 395 54 482 607 186 584 474 206 775 216 443 488 349 613 825 309 456 375 488 513 760
222 742 717 147 309 679 335 712 874 917 553 778 838 534 795 531 929 516 201 438 362 688 960 1109 426
654 563 562 684 574 305 462 322 448 228 295 165 463 514 94 795 190 440 835 359 700 724 178 342 640
623 845 301 766 716 585 492 108 756 175 275 473 156 744 217 1003 473 320 790 497 867 979 341 561 511
791 604 663 811 691 367 598 422 444 237 427 202 536 599 181 882 100 568 971 485 806 783 82 208 771
179 610 611 112 187 508 168 559 714 744 387 597 702 401 617 489 747 384 298 256 309 599 779 926 367
261 618 416 353 327 420 80 314 643 502 139 440 468 442 386 642 564 180 442 165 482 682 559 733 297
686 1104 194 899 896 849 632 297 1035 436 463 753 130 976 501 1208 757 403 814 703 1051 1218 613 829 504
662 151 854 520 357 117 486 656 210 651 509 278 826 155 507 417 422 641 808 316 398 303 560 584 771
35 775 462 287 375 625 182 481 846 713 351 672 590 571 613 682 801 273 208 352 502 785 791 970 180
374 598 405 451 392 366 192 241 584 392 63 350 410 451 271 688 459 199 555 179 544 694 444 623 374
139 686 618 127 255 589 217 597 794 800 435 674 728 475 679 534 822 406 220 333 355 662 846 1000 345
288 814 229 494 512 598 239 242 818 497 190 579 337 642 432 833 669 39 443 364 664 882 610 815 168
863 185 999 726 562 242 679 778 43 704 662 320 939 346 581 556 397 806 1014 507 583 379 568 512 958
599 371 992 344 254 483 527 868 574 960 686 644 1036 245 811 67 801 755 667 448 114 236 914 971 787
331 451 688 169 52 373 222 579 565 714 395 489 741 241 572 371 648 450 456 179 206 448 712 829 494
736 785 472 833 751 526 573 255 658 9 357 382 317 726 141 1003 334 454 912 526 890 944 177 394 657
376 660 343 488 444 424 215 186 639 371 5 392 351 513 269 746 486 148 554 239 597 756 448 640 341
496 616 414 570 493 360 316 192 557 271 122 288 361 506 146 767 362 267 676 269 639 741 323 513 467
810 743 587 875 775 495 632 361 591 114 429 335 433 715 169 998 245 546 989 555 904 915 71 279 752
91 763 413 319 383 597 152 423 820 657 297 632 535 565 560 699 756 216 263 325 520 788 739 922 155
144 874 374 407 490 702 261 447 925 700 361 724 525 676 622 801 838 238 247 432 621 897 802 997 67
330 593 417 405 354 375 144 275 597 439 92 378 440 433 318 658 497 193 511 154 508 676 490 664 348
739 554 645 751 630 310 544 404 408 257 385 147 533 539 163 823 101 531 920 426 745 729 134 254 731
63 837 469 324 429 690 246 517 910 759 402 735 612 631 666 728 861 306 163 416 548 841 844 1028 165
328 678 815 125 268 657 392 782 833 965 611 777 921 478 833 425 934 600 320 451 270 598 987 1116 536
887 168 1040 737 574 278 707 821 90 751 701 367 983 352 627 540 444 843 1033 536 582 353 616 554 989
653 190 966 436 289 333 527 804 392 849 632 498 976 120 701 194 647 733 761 396 236 128 777 809 812
631 146 891 451 289 220 478 713 305 742 550 385 886 64 594 302 535 665 760 325 294 213 665 699 768
640 824 338 772 714 562 499 131 728 139 280 444 192 731 186 994 438 341 810 492 862 963 303 523 537
618 230 946 395 252 347 499 792 426 851 617 511 964 116 702 171 664 711 721 378 193 159 788 830 782
791 130 1076 577 429 372 655 896 344 906 735 528 1069 232 762 272 658 849 902 509 369 71 809 802 943
641 406 665 609 475 149 441 438 308 385 345 49 597 372 246 656 203 497 816 292 581 570 300 384 677
459 378 835 227 99 395 371 715 541 824 533 543 882 182 677 222 704 598 553 298 76 323 796 882 637
344 482 540 327 241 297 148 396 519 522 214 353 564 310 383 533 498 310 514 29 390 552 534 676 427
627 169 834 483 320 126 454 643 247 653 490 291 814 122 507 394 441 617 772 287 364 298 571 608 742
990 600 898 965 822 441 791 658 390 451 648 310 765 673 416 941 168 795 1168 650 908 796 273 89 995
893 698 715 924 805 474 704 482 519 247 520 310 566 709 259 992 167 652 1074 598 920 883 80 146 858
439 453 855 183 126 475 388 756 622 884 573 619 917 263 739 226 780 619 508 350 47 373 866 959 632
623 194 809 493 332 91 444 613 238 618 465 256 784 150 472 427 407 596 773 273 388 333 536 576 728
153 737 375 347 384 555 122 362 778 593 233 578 482 546 497 704 697 160 327 288 530 777 675 861 167
862 223 975 737 575 229 673 750 7 665 642 286 908 366 546 590 354 789 1017 501 606 419 526 466 947
628 239 964 401 263 367 515 812 440 872 636 531 984 137 722 152 683 729 727 397 190 149 808 849 795
863 98 1059 692 530 297 694 850 166 805 715 416 1017 305 673 461 514 851 1000 527 519 267 680 636 982
402 491 512 411 319 269 203 338 492 441 169 288 510 346 299 595 424 297 579 94 463 589 451 600 450
655 370 700 607 466 116 455 474 271 422 375 52 635 348 285 631 213 526 827 298 565 537 328 392 701
401 917 101 621 639 686 366 213 899 472 263 640 238 756 447 958 704 138 537 476 791 999 615 831 230
737 313 800 661 509 120 540 572 175 495 474 108 729 349 369 622 219 625 905 374 585 498 373 379 796
428 423 824 186 86 430 357 716 584 838 533 572 879 225 693 241 734 587 513 306 68 362 819 913 612
702 475 665 690 561 229 503 427 342 324 372 67 572 460 203 743 123 523 880 368 670 648 215 302 716
510 289 719 396 243 147 332 541 347 590 377 282 714 146 441 421 443 497 663 164 336 383 541 622 618
324 813 209 521 530 589 258 204 806 460 172 560 302 647 401 848 643 28 481 367 683 889 578 786 203
896 268 1214 660 531 519 778 1040 467 1053 876 674 1213 364 909 283 798 983 988 644 434 122 953 934 1062
467 360 833 241 102 376 370 707 522 811 525 525 875 163 663 225 686 595 566 289 92 312 780 863 641
238 539 571 197 169 406 104 479 619 644 299 486 635 337 512 490 635 334 392 144 321 561 670 814 379
354 527 482 382 308 316 155 327 539 460 147 338 497 368 326 601 470 258 532 92 458 612 486 644 402
676 384 706 633 493 138 476 476 271 409 386 27 633 372 276 655 187 538 850 322 591 556 307 366 717
442 529 890 177 193 559 428 810 705 953 628 701 966 346 809 252 862 658 480 418 108 429 943 1041 644
865 604 743 870 741 390 669 504 423 302 507 230 611 627 264 909 74 649 1045 546 847 792 126 129 852
451 325 733 301 142 247 298 582 430 666 404 383 753 124 518 350 544 500 588 164 239 361 633 724 588
959 466 944 895 743 353 760 703 250 539 654 271 833 567 465 822 204 806 1131 601 809 663 368 235 995
979 550 914 939 793 406 779 673 338 482 649 290 790 633 431 898 170 798 1155 631 872 747 305 143 994
650 205 971 429 286 347 528 812 408 861 639 512 984 129 712 178 662 737 755 401 224 127 791 825 812
796 96 1065 591 439 347 653 880 308 881 723 500 1052 230 738 305 626 841 913 502 390 107 779 768 942
509 355 885 269 150 406 421 760 533 859 578 561 927 177 710 173 721 647 596 340 66 279 822 896 688
1063 631 971 1029 883 497 863 731 415 518 723 377 835 723 490 984 242 870 1240 719 962 829 342 132 1069
154 834 636 250 400 736 332 669 944 897 531 813 775 623 789 652 955 461 77 474 479 799 963 1130 330
