1
3
5
20
100
100000
20000
50
20
300
1 
1 
1 
1 
1 
14440 40560 14640 9720
23240 33560 33480 27560
9520 37320 14640 6320
13840 34520 24720 17120
13480 18000 19680 18240
13960 41720 21160 12440
15360 35800 8520 10960
9440 23320 4360 9680
19440 46080 27960 19040
26080 29400 35200 30840
21440 21520 29040 26360
9600 34680 9080 4680
20560 9400 23120 24720
16680 15160 12400 18400
11440 16800 12000 14520
9000 26120 18920 13760
26240 3760 27040 30000
7440 28760 4000 4920
20480 41880 31120 22760
29560 38000 39840 33840
79 209 565 453 393 320 559 163 282 413 235 416 346 367 661 579 244 611 536 402 247 759 261 422 712
547 603 492 828 218 925 286 773 461 283 789 945 672 810 160 48 814 364 648 511 362 482 728 594 375
113 159 554 539 290 437 438 273 171 354 289 532 410 367 546 482 363 569 565 410 156 724 357 336 592
178 199 659 495 478 258 615 91 319 511 143 408 412 298 734 667 229 709 617 493 336 856 301 419 762
362 613 329 134 554 488 809 460 632 417 614 341 64 772 826 653 343 465 180 197 453 551 194 808 966
627 420 1114 942 812 551 801 487 547 919 328 783 879 203 974 998 638 1136 1086 955 714 1292 757 447 888
133 385 402 300 393 381 624 284 409 326 411 360 166 555 678 544 244 479 349 230 261 613 145 580 783
239 492 332 223 445 437 693 372 506 333 512 354 68 661 724 567 290 437 248 162 332 553 146 683 852
631 793 282 730 420 977 604 860 686 299 936 916 599 1011 483 294 838 130 467 407 500 161 709 857 702
392 523 711 332 724 118 914 238 634 681 387 116 368 564 1005 892 117 819 586 545 578 935 236 741 1068
608 824 125 565 523 894 760 810 754 345 922 782 467 1033 676 472 747 151 276 298 541 114 600 941 883
435 562 321 659 181 807 394 669 448 117 720 795 506 779 325 128 682 216 471 336 275 362 578 618 520
477 659 169 580 324 816 557 702 570 159 786 757 443 875 482 279 676 61 343 252 366 219 548 752 683
539 767 554 122 791 478 1037 534 823 665 702 249 279 878 1069 901 376 703 374 445 674 765 297 980 1196
417 340 652 817 203 754 118 587 187 387 545 850 666 520 267 324 684 583 745 579 265 733 657 277 270
167 420 357 288 386 420 628 329 432 299 456 379 141 596 670 525 279 439 307 185 264 570 161 608 786
267 236 567 674 167 611 264 446 103 314 429 700 527 446 377 352 535 532 631 465 135 689 509 282 419
499 334 805 920 361 782 198 617 217 542 531 916 779 454 380 480 741 743 884 717 389 894 745 170 274
199 212 677 498 501 240 636 74 338 533 130 399 421 293 756 690 222 730 630 509 359 876 306 430 781
542 791 193 340 605 732 867 690 768 425 833 575 294 976 830 632 586 347 72 229 558 366 435 956 1011
429 580 701 291 755 184 957 299 684 696 453 55 354 630 1038 915 158 818 562 540 611 926 237 800 1112
495 243 952 889 588 591 541 460 318 724 305 793 787 142 717 762 619 945 964 812 519 1102 695 184 625
300 71 732 720 375 520 397 358 109 503 269 674 599 240 553 560 495 723 756 599 297 881 530 153 523
429 681 322 142 602 543 861 526 696 453 681 376 132 841 867 687 401 470 148 224 510 537 257 874 1017
414 204 898 766 600 433 623 318 342 701 152 645 684 26 785 789 478 918 881 742 496 1073 574 295 733
444 690 404 67 656 496 910 502 722 519 665 307 150 832 928 755 362 551 230 295 551 619 233 892 1068
310 521 193 436 283 638 545 528 464 114 624 587 285 730 530 349 499 225 271 115 248 369 374 653 694
259 444 566 255 581 206 788 201 527 527 368 174 233 543 865 743 59 667 458 396 438 788 92 662 945
355 550 185 491 265 694 523 579 477 81 666 647 342 763 490 300 556 176 302 163 263 328 433 664 666
482 360 741 893 292 796 118 629 219 476 565 911 745 511 298 397 740 670 832 666 346 818 727 238 227
440 542 374 695 148 815 341 671 418 150 710 819 540 757 274 86 696 268 519 378 266 410 602 581 466
392 148 861 779 529 490 532 352 263 647 204 684 680 90 698 714 510 866 862 715 439 1024 585 203 640
222 402 319 483 187 588 445 455 338 113 525 586 326 615 464 317 463 320 381 215 122 475 369 527 600
414 205 796 839 385 654 314 492 142 545 392 806 709 313 489 544 628 762 846 682 357 918 654 52 415
290 45 737 705 395 492 427 331 134 514 239 651 589 216 581 582 472 734 753 598 307 892 514 174 554
490 742 209 282 582 670 845 631 728 409 775 515 233 922 822 628 524 365 29 193 522 407 373 914 994
364 386 508 720 59 734 204 575 246 244 576 790 564 595 248 205 640 436 613 451 180 587 582 398 358
229 337 414 569 108 606 348 456 246 167 493 642 414 555 393 286 499 388 486 320 47 546 431 432 506
324 286 580 722 147 672 205 506 138 319 484 758 572 487 319 315 595 529 660 493 171 683 563 290 362
213 42 681 620 387 417 471 252 167 477 194 566 508 240 609 580 387 694 682 533 273 850 428 260 610
672 610 770 1038 370 1024 154 858 458 527 816 1104 882 772 132 332 946 653 907 753 496 773 900 496 95
558 423 806 969 357 866 128 699 290 542 625 986 822 554 303 436 814 726 904 738 421 870 803 270 174
337 154 823 687 547 375 601 244 305 635 89 575 604 104 754 740 405 849 801 665 433 1003 495 306 724
247 500 295 249 421 474 675 401 503 299 535 392 92 678 697 535 327 398 225 123 318 515 185 684 832
377 630 299 159 549 520 807 488 641 404 639 373 88 794 816 640 374 439 147 178 455 521 224 820 963
259 328 454 617 78 634 299 478 217 198 498 682 463 544 354 269 534 415 534 368 72 572 475 398 457
204 114 691 574 448 335 552 172 249 513 126 495 478 233 685 641 317 723 670 533 318 875 380 332 693
35 217 519 457 334 376 513 223 255 354 286 451 334 402 606 519 286 556 506 362 188 706 273 414 669
276 182 625 697 233 590 283 423 37 378 383 701 557 384 420 415 529 597 678 513 186 754 522 220 430
446 484 495 768 111 821 213 664 342 246 672 861 611 691 178 115 719 397 626 473 258 537 647 481 343
587 708 365 772 315 955 465 821 585 258 872 929 626 924 337 155 826 215 543 441 427 305 714 743 557
438 686 383 84 641 506 896 506 713 500 667 323 140 832 911 736 370 530 209 275 539 598 235 886 1053
669 881 187 621 567 956 794 873 806 394 983 841 528 1092 698 498 809 184 331 361 595 79 662 991 911
627 653 587 925 292 1003 269 846 504 381 848 1035 769 851 97 146 898 453 745 609 440 557 819 612 317
514 753 88 405 523 757 781 692 712 339 820 628 320 950 733 532 609 241 116 186 497 274 459 901 921
395 164 872 769 554 463 568 332 292 665 177 664 676 56 732 742 492 883 865 721 458 1040 575 241 678
488 415 680 879 235 830 41 664 263 418 621 922 726 587 206 307 759 596 788 625 326 739 726 328 197
160 228 498 563 194 523 369 364 164 272 384 594 419 445 457 385 434 491 538 374 65 649 399 353 526
321 560 424 104 574 383 816 371 604 465 532 240 80 699 855 699 240 550 287 272 452 649 100 767 975
453 449 565 807 139 820 138 658 299 308 647 880 651 646 161 186 728 473 686 527 270 614 672 418 278
554 787 80 464 529 812 781 741 735 344 864 687 377 988 719 516 664 207 175 229 519 217 514 924 915
338 581 170 321 407 599 670 520 553 244 644 505 186 775 660 476 452 283 151 15 345 391 308 741 821
430 635 109 499 342 751 593 647 563 158 744 679 363 846 540 340 608 110 265 171 350 249 474 750 729
436 345 911 667 715 258 800 230 499 768 143 492 628 240 946 909 359 967 848 741 583 1113 494 506 927
365 319 833 585 663 191 772 148 468 701 118 419 545 271 907 855 277 894 766 662 524 1038 411 507 907
746 942 286 731 597 1053 800 960 853 443 1060 948 632 1157 682 492 907 223 442 456 650 67 762 1032 901
19 237 496 445 322 388 511 239 263 333 309 451 317 425 598 504 291 533 484 339 175 683 265 429 668
631 851 143 565 556 907 793 829 785 377 944 787 475 1059 709 506 759 185 275 315 571 127 611 972 917
544 683 305 711 299 906 482 777 569 209 837 872 566 900 374 176 775 158 481 379 394 269 658 735 588
135 272 445 513 199 512 408 361 222 233 405 560 365 485 478 381 409 449 480 317 51 605 357 410 567
335 588 304 168 517 491 773 450 600 380 599 360 51 753 788 616 344 436 174 163 417 529 192 778 929
313 426 687 364 648 82 825 141 540 623 296 196 358 475 924 823 65 780 583 514 500 906 216 645 978
57 274 509 390 391 323 584 188 328 381 294 379 278 434 670 567 218 566 470 341 244 709 202 481 741
434 505 433 726 110 811 277 660 373 191 684 833 570 718 225 83 700 333 569 420 250 475 618 526 405
358 608 196 271 461 582 723 519 592 301 653 468 150 793 717 533 434 328 112 71 389 421 285 778 876
712 610 863 1101 441 1044 185 877 467 611 814 1146 947 746 240 435 980 754 991 832 549 878 950 460 26
496 307 984 811 704 435 725 356 447 798 194 663 746 103 890 894 510 1012 953 823 595 1166 625 388 831
399 563 662 258 722 195 928 288 660 658 448 43 315 627 1006 879 136 779 525 501 579 886 198 783 1085
374 294 851 623 655 237 749 175 446 705 88 464 575 226 890 848 317 905 793 682 521 1052 444 470 881
614 811 173 630 476 928 697 830 725 313 927 836 517 1025 599 399 783 94 351 333 519 65 642 907 812
483 359 744 894 295 796 121 629 219 480 564 912 747 509 301 400 741 673 835 669 348 821 728 236 228
111 296 417 466 231 487 453 344 265 229 408 520 318 504 515 403 376 436 439 278 90 589 313 450 612
244 131 732 596 488 323 582 169 278 555 86 501 508 200 719 681 325 765 705 571 360 917 402 337 718
599 663 498 860 275 977 335 827 522 316 848 988 707 871 185 86 862 359 664 537 417 460 771 653 407
376 626 347 112 576 483 830 463 649 440 620 327 77 781 848 676 340 486 191 220 473 569 194 823 987
131 172 619 495 421 308 563 142 272 458 182 435 396 314 678 611 258 661 590 456 279 810 301 391 712
152 253 469 542 187 524 382 368 193 247 400 583 395 469 460 375 428 466 509 345 44 622 382 382 541
511 464 653 885 222 866 53 700 311 396 669 944 730 644 145 256 785 558 773 613 337 696 741 390 192
177 274 458 556 159 551 363 396 199 226 426 605 406 491 434 347 453 447 509 343 19 604 402 388 522
487 255 965 850 639 514 627 403 371 755 237 729 764 59 798 823 563 975 956 814 548 1132 657 278 722
368 155 768 793 373 604 339 442 111 523 347 757 666 283 507 544 578 742 809 647 327 900 606 81 452
172 311 413 521 166 550 395 402 245 191 449 585 368 526 449 341 441 408 463 297 33 565 376 434 553
235 170 722 562 506 280 615 127 312 559 78 459 481 229 747 699 284 764 685 558 372 914 369 380 754
530 379 809 948 361 825 165 659 254 545 578 953 803 503 345 461 780 739 898 731 407 886 777 218 226
201 452 369 239 436 400 678 328 475 342 468 336 98 617 719 571 254 466 292 197 314 588 120 648 836
386 416 497 729 61 758 206 600 276 235 605 808 573 625 227 175 660 418 611 451 199 566 598 425 355
143 338 530 328 473 256 672 159 411 442 306 292 245 468 754 643 134 608 459 357 327 742 134 554 828
559 759 128 585 435 873 666 774 677 265 873 785 466 972 580 376 728 56 313 280 469 120 588 861 787
552 385 844 972 397 834 200 669 271 581 580 970 830 493 378 499 795 776 930 763 437 924 798 206 242
582 610 562 886 247 958 242 801 461 345 804 992 729 809 92 117 854 434 715 574 395 549 777 575 311
