1
3
5
20
100
100000
20000
50
20
300
1 
1 
1 
1 
1 
9000 7600 11840 18320
8360 13280 18200 23360
16560 30360 33760 40480
13120 17840 19920 26480
24120 8520 7000 5480
12720 27800 32640 38440
1040 15240 19760 26080
12920 19320 24120 28520
15440 4520 6160 12880
19720 22960 23920 30000
18480 6160 8880 11560
24720 29080 29920 35800
24000 35040 37520 44080
16600 13960 14560 20680
28080 16640 12960 14840
27320 11240 6520 2520
11040 24040 27480 34200
15200 14400 18800 22240
32000 28920 27440 31440
13800 8240 12760 16880
455 720 727 390 141 494 717 603 275 718 882 582 880 440 169 707 250 556 213 374 624 505 843 207 709
499 495 799 381 691 268 272 825 567 210 660 403 382 272 712 44 865 974 500 571 369 672 226 886 98
600 868 829 537 224 660 881 685 419 869 1020 737 1042 603 268 870 248 582 380 473 757 617 1010 92 876
688 946 972 462 156 674 907 846 514 783 1117 800 1075 571 410 822 442 773 402 328 637 750 1009 126 861
580 824 897 301 67 528 762 790 422 624 1003 673 930 413 369 661 455 763 276 191 487 672 854 242 705
435 487 762 277 583 195 292 767 476 209 667 368 435 164 613 105 767 898 396 473 315 611 304 778 151
549 474 803 514 816 348 244 856 650 317 612 423 294 395 807 168 958 1028 611 707 495 711 117 1008 119
436 456 747 333 633 201 247 765 498 234 629 350 382 212 644 89 797 908 435 531 364 610 247 826 94
340 412 125 793 766 578 611 43 411 978 434 426 679 703 473 855 497 268 585 920 1012 170 779 811 749
476 537 808 260 577 236 340 809 504 163 716 416 479 170 633 102 786 932 408 448 268 652 339 776 190
602 819 944 208 202 492 717 858 474 502 1005 665 884 347 467 564 577 863 303 48 350 724 785 384 631
515 323 658 680 934 416 186 754 670 561 401 361 60 538 838 398 975 961 696 883 724 636 135 1105 271
348 563 698 149 268 253 487 631 251 449 748 409 655 162 323 429 471 684 89 279 393 486 587 454 443
320 572 478 553 415 490 657 335 188 835 697 474 795 529 109 768 149 289 316 616 798 275 816 436 717
652 722 992 305 626 416 516 984 652 53 899 602 637 303 756 211 905 1090 521 429 139 826 476 827 349
87 293 289 541 570 327 413 246 196 726 424 218 529 446 329 612 429 397 353 685 756 88 583 666 521
433 347 675 496 768 262 116 731 553 387 494 299 207 358 716 221 863 909 542 697 538 589 88 950 83
279 122 452 563 754 259 109 524 446 573 292 126 194 419 614 415 744 723 507 759 686 398 270 907 279
454 640 810 30 300 302 523 752 374 361 829 488 688 151 438 383 580 807 210 197 274 603 590 501 436
155 399 502 329 395 198 395 444 105 555 574 254 554 253 263 475 412 533 152 474 555 293 539 535 427
210 234 498 417 612 112 149 523 337 475 421 102 310 275 505 336 646 688 367 611 560 373 304 773 230
614 811 964 171 277 474 689 891 505 431 999 659 852 317 521 507 641 913 331 40 272 750 741 463 587
216 339 183 668 662 455 510 117 296 855 414 318 600 577 385 736 443 309 466 802 886 45 681 729 636
384 378 39 852 858 609 598 154 492 1005 355 433 638 748 573 870 607 370 660 995 1059 240 760 915 752
433 696 613 551 335 562 755 465 268 862 829 584 903 563 103 820 58 371 327 568 795 411 904 310 791
294 320 598 362 604 91 155 618 388 377 503 201 322 217 548 237 697 772 372 564 473 465 258 781 145
230 374 579 272 468 50 282 561 264 412 562 223 450 141 415 317 566 681 232 461 449 403 399 641 273
408 488 745 232 532 170 310 740 434 231 672 358 463 113 566 155 720 862 346 431 304 583 345 727 190
341 475 693 179 443 131 340 669 339 314 663 329 505 33 466 256 619 774 245 379 336 512 415 633 266
330 569 442 603 469 520 672 291 224 877 681 483 802 571 164 803 169 235 366 671 848 254 835 481 744
575 328 626 819 1048 534 302 751 747 719 323 426 137 674 914 556 1039 972 803 1021 879 659 293 1207 425
107 366 369 479 482 312 448 294 107 697 510 261 582 402 244 601 358 394 273 608 706 148 611 577 528
288 495 338 644 555 509 628 188 246 890 590 433 743 589 252 798 272 198 413 737 882 166 796 583 722
130 390 464 373 411 233 413 400 73 600 558 254 565 299 241 515 384 488 179 510 600 250 564 537 460
300 529 646 204 277 242 474 576 195 489 710 376 641 190 278 454 429 630 47 328 446 432 588 449 451
363 587 709 161 236 284 517 635 251 473 770 434 686 193 306 459 451 676 79 265 406 493 619 422 475
441 691 757 264 104 416 648 655 282 595 866 542 815 332 251 596 368 647 143 260 496 533 758 282 615
509 242 461 858 1034 554 359 604 691 831 141 388 256 714 848 666 954 833 787 1054 967 544 432 1170 525
350 497 704 152 416 153 367 674 333 320 685 349 533 15 452 276 605 771 226 352 325 518 443 608 293
332 316 615 401 654 143 119 648 437 374 491 219 279 257 598 221 746 811 424 604 490 498 207 833 105
90 296 444 386 498 154 304 421 182 551 475 149 455 275 351 443 490 553 252 554 586 263 459 639 367
380 516 255 789 709 618 692 91 391 1013 560 499 780 720 404 905 394 139 563 891 1022 209 863 725 813
279 203 135 742 809 468 426 254 435 854 219 276 465 621 560 711 636 483 583 906 927 216 585 902 586
550 805 850 345 18 533 765 734 381 676 978 658 933 438 304 697 379 693 259 265 551 625 871 183 726
186 374 263 608 584 423 515 165 222 818 476 319 624 528 304 711 370 295 396 731 834 49 685 649 623
539 619 880 232 560 304 424 870 543 111 799 493 560 195 656 154 808 979 424 398 184 713 415 761 270
239 218 135 707 762 444 427 219 387 837 265 261 484 592 510 698 585 443 539 866 900 165 592 852 579
423 684 597 557 349 559 748 448 262 865 816 575 894 564 100 820 53 355 330 579 802 396 899 327 788
311 304 46 781 806 530 519 161 434 926 309 352 568 673 533 790 586 392 598 930 983 185 683 877 672
498 405 737 524 811 317 178 796 614 370 541 364 227 394 775 208 924 975 592 723 537 654 58 997 102
112 157 308 546 650 270 284 339 294 663 317 94 388 423 451 528 566 527 410 718 728 202 455 774 416
380 223 560 575 807 290 57 637 533 519 357 227 111 430 701 353 838 835 565 777 657 509 160 974 212
523 720 875 91 261 385 605 807 423 401 908 567 770 233 457 449 588 842 249 114 275 663 668 460 514
452 238 571 677 906 391 160 671 617 602 316 298 28 532 785 436 916 882 663 879 750 560 195 1069 297
574 761 929 116 301 421 633 863 480 379 950 610 795 261 514 448 643 900 307 97 233 718 682 496 528
80 245 412 428 549 167 271 407 222 567 425 100 414 308 391 447 525 559 303 601 617 252 433 688 357
437 169 415 791 961 487 304 549 618 781 114 315 231 648 776 617 884 776 714 985 909 478 400 1097 475
599 572 888 454 774 370 342 922 668 199 724 494 417 362 811 95 965 1075 596 631 387 770 243 972 173
267 511 603 259 283 258 482 525 141 540 688 363 646 237 228 494 381 574 39 371 502 385 608 437 478
262 329 583 330 558 42 195 591 341 388 516 194 363 185 500 263 650 736 324 529 464 436 308 733 189
273 422 626 224 441 84 315 601 281 378 610 271 483 93 420 300 573 710 216 416 403 444 416 621 279
483 750 739 432 162 534 755 608 301 761 908 615 917 484 172 751 225 544 256 407 665 519 884 178 751
197 375 251 622 597 435 522 151 237 830 471 326 628 542 316 722 377 287 410 746 848 45 692 660 632
319 476 674 170 407 135 360 642 302 351 665 326 527 48 424 298 577 738 203 364 356 486 448 595 302
463 504 786 295 606 223 301 794 506 187 681 391 436 190 643 77 797 927 424 487 309 638 296 803 147
437 528 219 869 802 678 724 106 474 1076 539 537 794 791 498 960 486 192 648 979 1097 262 894 818 858
690 711 1009 417 743 449 487 1021 721 85 874 612 580 377 842 176 995 1150 611 557 267 865 407 944 312
289 306 587 375 613 97 143 611 389 389 489 190 310 229 550 247 698 768 379 576 487 458 253 789 148
222 177 174 683 756 412 386 257 383 802 244 224 444 564 516 661 601 478 527 848 870 182 551 855 540
191 306 526 340 524 50 230 523 273 450 495 156 395 205 435 335 582 662 281 529 507 366 367 689 261
138 377 336 526 509 358 481 248 141 746 507 289 607 451 248 647 344 348 313 649 754 111 647 590 570
120 383 388 466 461 311 457 308 87 691 530 274 594 394 225 599 344 398 255 590 695 166 619 557 530
376 622 703 234 174 348 579 611 229 556 799 472 746 276 239 542 375 625 73 285 478 481 692 346 552
443 707 630 545 320 565 761 483 275 858 843 593 911 560 107 820 68 388 324 556 788 426 909 292 793
115 381 401 449 452 295 446 325 77 674 532 266 586 376 227 583 351 415 241 576 677 180 607 554 516
473 222 528 752 961 456 236 647 648 694 242 327 110 606 814 528 936 867 714 952 838 553 286 1114 388
105 231 252 575 630 331 377 250 257 731 357 184 479 467 396 606 494 433 404 731 778 108 548 732 502
172 320 218 624 628 412 477 160 257 811 415 283 576 532 359 695 431 334 425 760 842 11 648 703 597
407 609 406 731 593 623 748 239 343 995 688 553 861 691 291 911 241 105 495 801 975 278 916 579 840
605 705 954 222 541 379 516 933 586 125 888 574 653 243 680 239 827 1026 446 346 92 776 504 741 362
555 594 880 316 641 314 382 887 586 96 767 484 501 249 713 76 866 1014 486 487 253 730 343 841 213
275 361 134 731 720 513 551 72 357 913 407 364 627 638 434 791 477 294 528 864 948 108 720 777 685
545 538 845 398 715 312 312 871 608 182 699 449 411 301 751 36 904 1019 535 581 357 718 244 913 137
289 385 147 740 717 529 572 49 359 929 430 384 651 651 428 808 463 271 532 868 960 117 742 769 705
211 421 307 597 547 438 549 187 201 825 528 355 666 529 259 727 319 269 375 708 830 101 718 603 647
567 835 801 511 205 626 847 660 385 842 988 703 1007 573 237 839 231 564 347 456 734 587 976 111 843
181 217 181 651 704 395 404 220 329 792 303 223 480 539 457 659 541 431 481 808 848 124 573 798 546
337 385 89 797 785 571 590 78 424 971 399 411 651 702 496 844 528 305 596 931 1012 175 757 837 733
358 343 644 396 659 157 136 676 457 348 515 248 288 254 616 193 766 837 434 598 470 526 196 841 78
389 511 739 164 458 170 358 718 386 267 698 369 518 42 506 225 659 822 279 366 290 561 413 653 260
384 648 667 355 180 425 645 553 205 674 812 509 807 385 134 651 257 530 150 378 597 444 775 280 644
274 405 622 241 467 62 290 605 298 369 594 258 458 103 441 282 594 722 242 437 407 447 390 647 254
586 583 890 406 729 350 357 914 642 151 743 493 450 323 780 62 934 1058 559 580 335 760 280 928 182
146 174 236 607 684 340 346 276 315 735 295 164 431 489 458 600 556 478 452 771 797 157 515 792 486
176 195 451 450 623 149 167 479 323 523 384 55 313 312 492 383 629 651 376 640 604 332 332 776 273
326 540 677 162 286 232 466 614 236 448 724 386 634 154 320 420 470 672 86 302 403 466 569 469 427
409 578 337 780 667 640 738 170 383 1025 636 543 838 726 362 929 327 71 547 865 1019 254 909 664 847
451 716 648 531 299 563 763 502 278 848 855 598 915 552 110 813 88 411 315 537 773 441 909 271 791
185 452 462 421 384 323 500 366 23 677 606 330 648 372 158 602 294 416 194 527 659 237 654 480 551
192 238 165 662 706 412 426 197 331 810 316 244 502 553 452 679 530 410 486 816 863 110 595 794 567
