1
3
5
20
100
100000
20000
50
20
300
1 
1 
1 
1 
1 
10080 18160 6160 13440
2960 13040 10840 6160
18960 8840 30240 19560
26280 15680 38120 26280
22720 28240 14120 26240
25640 15800 35960 26480
21600 13480 35400 19560
26440 22160 30120 29200
8200 18280 12320 7720
17280 12080 30960 14600
10480 12320 23000 7000
11200 11120 17040 14240
34360 25880 42120 35960
9080 4000 20400 10520
9280 19880 6680 10880
18440 22360 14200 22040
35600 25880 45120 36520
29680 28160 29320 32960
19280 8760 32160 18760
31160 25280 35880 33560
635 606 756 388 106 207 247 764 956 456 918 848 817 222 725 511 463 1095 512 89 445 1156 817 793 957
673 392 844 592 921 687 616 103 147 837 71 435 423 774 513 618 425 345 347 790 675 322 631 215 423
714 504 845 869 1125 885 859 393 344 942 229 709 388 1035 804 909 615 62 603 1026 791 125 590 502 286
217 418 184 927 830 659 782 753 887 455 746 1107 326 962 1103 1049 552 659 713 863 407 820 112 898 411
1000 723 1185 459 945 779 616 409 416 1058 527 43 853 659 133 366 634 810 456 756 914 731 1033 263 889
727 466 884 722 1038 801 742 234 166 919 59 527 435 904 625 746 532 241 474 915 759 192 649 323 389
641 515 798 177 314 220 76 583 767 545 748 635 734 116 513 310 351 958 333 126 467 995 790 591 860
654 460 780 863 1090 851 838 403 386 889 255 741 326 1019 825 913 583 48 592 1001 740 194 523 526 217
883 613 1069 345 824 654 493 335 400 933 482 121 760 551 93 276 513 764 335 639 791 711 929 209 812
356 106 525 597 740 503 520 317 466 551 340 675 157 711 690 688 248 401 331 669 395 505 327 462 263
340 51 520 524 662 423 440 314 487 500 377 649 225 631 646 623 166 476 268 588 340 567 358 447 343
313 36 497 504 617 379 406 345 525 457 420 665 251 599 651 611 132 522 262 548 296 614 357 472 380
546 268 731 358 665 437 357 171 368 640 326 429 430 522 419 425 201 548 90 530 484 573 585 251 511
379 95 558 529 697 457 459 275 444 545 333 620 225 649 626 619 191 441 263 613 384 526 382 413 328
146 167 312 681 669 459 549 522 680 382 552 861 193 738 851 798 301 556 460 657 253 689 169 660 338
801 537 986 273 741 565 407 301 409 844 464 207 698 481 148 236 428 740 250 559 703 707 856 209 762
356 76 541 476 625 385 392 304 488 491 390 621 274 583 609 577 120 514 224 543 330 595 397 428 391
520 265 681 638 872 632 609 222 318 717 179 594 246 790 645 700 361 275 365 774 558 346 456 369 258
797 571 977 122 612 475 297 434 571 785 607 346 764 323 215 84 426 870 275 421 665 856 890 372 852
359 415 472 511 257 142 324 693 890 186 811 898 595 445 814 653 335 923 475 316 172 1019 552 773 743
182 151 365 556 529 313 411 502 684 301 577 800 310 596 766 683 194 645 371 511 143 756 308 621 457
711 550 877 84 410 314 139 550 721 639 722 550 765 128 420 209 384 952 315 216 548 973 845 534 881
590 308 775 369 705 481 389 133 326 688 299 386 454 545 389 420 249 538 119 563 532 549 620 203 523
263 280 415 498 379 180 323 581 775 216 686 826 461 489 763 636 225 787 389 383 85 887 438 677 607
941 671 1127 375 862 701 534 388 434 986 527 99 818 576 60 285 570 811 391 673 846 748 988 254 867
520 265 681 639 873 633 610 223 318 717 179 594 245 791 646 701 362 274 366 775 559 345 456 370 257
656 373 841 371 747 530 421 119 290 751 293 321 509 561 336 399 312 554 161 595 596 544 682 141 566
674 584 817 257 242 232 159 677 862 540 841 722 802 94 593 376 424 1043 426 48 490 1087 838 686 933
323 132 481 655 765 532 568 376 513 542 379 738 94 760 755 750 293 393 393 709 393 515 268 523 219
557 312 712 681 922 682 657 242 304 761 158 607 264 837 669 737 411 228 409 823 604 297 478 383 247
741 729 847 470 135 328 358 880 1069 537 1038 935 938 273 802 577 586 1218 627 184 551 1277 929 899 1079
231 399 226 920 848 668 781 724 852 482 710 1082 288 965 1084 1039 542 615 698 871 421 777 80 870 367
344 164 527 399 488 248 276 395 590 400 511 651 383 469 606 522 38 650 215 413 246 728 450 491 515
266 434 331 660 383 297 475 766 956 28 858 1015 566 604 946 802 414 921 580 474 141 1039 467 866 712
732 658 867 313 228 289 236 753 935 577 918 779 875 113 643 417 500 1121 502 86 545 1164 903 757 1009
398 320 498 846 936 711 759 509 593 657 446 881 102 952 919 936 485 321 580 895 531 483 237 658 73
296 229 466 440 408 179 279 504 700 295 616 748 431 460 689 574 147 735 311 373 151 825 446 598 574
300 445 373 633 341 266 446 765 958 64 864 1001 590 568 927 775 409 940 568 436 153 1053 502 860 737
744 463 915 618 974 744 661 138 76 906 86 401 490 809 498 628 487 366 391 835 744 309 700 196 478
519 385 684 230 340 148 57 499 693 459 654 627 604 247 531 371 223 843 248 205 356 895 660 538 733
641 670 732 521 35 275 370 872 1068 418 1018 978 868 351 858 645 546 1173 623 223 455 1248 835 913 1013
152 282 297 612 466 294 441 629 815 170 709 910 413 606 860 747 295 766 473 497 38 884 343 742 560
315 101 501 451 544 306 338 374 564 415 472 662 320 531 631 566 70 593 236 475 254 679 399 485 452
736 739 835 504 121 337 384 904 1095 522 1059 969 945 310 838 614 601 1233 651 213 547 1297 927 928 1088
234 504 74 966 788 655 802 861 1010 389 874 1199 460 969 1178 1097 609 805 783 854 397 964 249 1000 557
669 496 784 918 1131 892 887 462 441 912 313 799 340 1070 884 970 628 44 646 1048 768 214 523 585 212
590 598 697 455 42 199 295 794 989 389 940 907 801 302 790 584 470 1098 545 164 401 1171 780 836 944
323 299 416 838 885 668 735 546 651 586 505 916 98 927 942 938 465 402 582 860 469 562 155 696 155
30 258 214 713 616 434 559 623 790 282 666 946 303 737 920 840 350 669 524 637 187 806 194 754 443
485 311 661 248 421 202 132 415 610 473 566 578 529 322 501 379 145 755 168 294 346 806 605 465 652
710 423 888 525 892 666 573 61 139 850 153 346 491 717 422 538 419 435 305 747 689 397 691 124 507
141 398 174 755 541 417 579 759 937 148 821 1054 469 733 1007 893 440 836 618 612 172 971 329 880 607
734 529 862 896 1152 912 886 418 361 965 252 729 407 1062 827 934 642 57 631 1053 814 115 605 525 298
131 212 278 726 697 494 592 562 714 387 582 905 197 779 897 845 347 565 506 694 273 706 125 701 336
583 320 746 639 907 668 628 185 254 772 114 548 309 802 612 687 396 267 371 797 613 305 521 324 305
397 124 582 429 610 370 356 278 469 511 384 578 320 545 561 528 98 535 174 514 350 603 446 392 431
788 570 921 902 1183 943 905 415 328 1013 242 701 464 1076 808 930 671 121 644 1075 860 50 666 506 361
425 136 606 489 694 454 435 228 407 573 308 567 274 621 574 573 182 452 218 596 411 520 435 362 366
629 342 807 515 843 611 536 40 203 776 149 411 413 695 466 550 353 404 267 710 615 399 610 187 441
204 232 369 537 445 244 372 561 750 228 652 832 399 546 781 671 218 734 394 447 67 841 372 668 546
613 324 793 469 799 569 489 43 239 746 196 397 421 647 438 507 316 445 220 663 585 447 609 180 463
476 294 654 259 439 216 151 397 593 476 547 571 511 341 499 386 128 735 153 315 343 786 591 452 633
730 564 897 74 427 334 159 552 720 659 725 539 779 133 406 191 399 959 322 232 568 976 861 531 892
426 146 602 540 740 500 487 234 394 596 281 590 234 674 609 621 230 402 268 647 436 478 412 377 316
533 297 717 253 543 325 227 296 489 572 456 470 498 396 415 350 157 669 44 401 428 702 616 342 602
794 511 979 404 841 640 506 192 264 882 334 186 633 611 241 382 445 616 278 671 730 567 815 64 672
627 637 730 471 24 237 320 827 1021 419 975 928 839 305 808 596 507 1136 576 173 438 1207 818 864 983
193 481 32 901 692 573 730 846 1008 291 879 1167 482 888 1134 1036 562 843 740 768 320 994 289 978 598
379 219 557 356 443 203 223 417 614 399 545 644 437 415 586 483 68 698 207 359 255 770 499 499 569
642 384 827 241 632 431 299 247 419 690 421 352 563 429 304 291 268 669 90 470 546 673 706 246 646
287 12 467 552 648 413 451 366 537 458 422 700 206 644 693 658 178 498 308 589 300 601 313 500 339
598 563 723 367 125 165 213 725 918 430 878 821 774 221 703 496 420 1052 473 80 408 1114 777 758 914
351 220 484 743 845 616 657 429 540 594 396 799 25 850 828 835 383 345 479 796 455 487 239 578 135
861 600 1046 285 769 607 440 356 446 895 514 179 761 490 85 215 487 794 310 581 758 751 920 248 824
738 544 860 925 1171 931 911 450 396 974 286 764 409 1089 861 966 662 43 658 1077 826 134 601 559 291
242 495 113 975 820 676 817 845 988 425 849 1190 431 988 1176 1103 611 769 782 877 418 930 217 987 521
733 739 831 510 117 338 388 908 1099 517 1062 975 945 317 844 621 603 1234 655 218 545 1299 925 933 1088
521 243 706 368 655 424 353 184 382 618 331 454 409 524 443 441 180 542 94 526 461 574 561 274 494
703 457 886 181 622 442 286 314 469 726 488 330 641 383 249 211 326 745 158 445 591 740 779 279 726
256 40 440 540 606 373 425 400 576 412 466 720 237 618 703 653 160 544 311 555 253 648 312 528 377
726 530 850 910 1156 917 896 436 385 961 273 752 398 1073 848 952 647 36 643 1062 812 135 592 546 283
259 368 292 902 869 675 774 671 790 522 647 1035 226 962 1046 1015 521 543 666 876 440 706 60 819 295
807 617 978 76 518 427 248 547 697 751 721 472 825 204 328 100 457 972 346 323 653 972 926 500 929
827 581 1010 200 688 537 364 393 510 837 561 266 761 403 142 135 451 833 283 498 709 806 903 310 837
493 389 651 276 297 96 90 539 734 413 688 678 607 259 583 418 235 865 290 187 321 924 645 585 741
816 533 988 641 1023 798 702 190 9 972 147 366 562 839 481 636 547 409 436 876 811 322 772 191 544
207 110 376 643 678 456 526 458 616 424 489 801 160 717 796 755 263 509 409 647 281 635 211 597 308
693 482 826 852 1104 865 840 379 341 921 219 703 368 1016 794 894 594 64 586 1007 769 144 571 493 269
722 590 878 163 347 297 153 623 798 619 794 628 808 50 493 272 424 1016 382 152 548 1044 870 614 930
237 237 352 777 797 584 662 536 665 497 525 898 107 853 909 885 398 467 533 779 379 617 109 683 229
249 229 415 491 421 207 326 536 728 255 637 794 415 503 738 625 184 737 356 408 102 836 408 637 561
359 477 435 604 280 235 416 777 973 122 887 993 636 523 910 746 419 979 567 387 195 1085 560 864 783
213 470 94 947 793 647 788 823 968 400 831 1166 415 959 1149 1075 584 759 755 849 389 918 203 963 511
881 622 1066 286 774 617 448 381 466 910 538 182 785 488 65 204 506 818 330 584 775 773 942 270 848
1037 775 1222 410 901 763 587 501 538 1063 638 170 928 593 90 289 662 922 486 707 930 853 1093 365 980
611 331 783 571 874 638 579 103 209 777 108 468 368 745 530 612 371 341 313 751 616 349 573 244 382
109 395 104 804 618 482 634 761 929 227 805 1074 428 796 1038 939 466 795 645 680 226 938 264 889 558
560 274 744 408 718 488 412 120 318 674 271 422 410 576 433 464 239 498 144 585 515 518 580 224 477
18 303 175 737 607 440 576 669 837 250 714 987 347 749 956 868 384 714 561 643 184 853 216 798 484
576 290 760 405 726 498 417 110 308 689 267 406 424 577 419 457 253 502 147 591 530 516 596 208 488
