1
3
5
20
100
100000
20000
50
20
300
1 
1 
1 
1 
1 
32240 22360 22320 30440
13680 15640 33120 16720
12080 40080 31160 7960
4080 25640 35240 10120
22520 16920 48360 28360
24000 5360 37480 26880
10240 21680 27640 10760
15840 26880 19000 12080
8680 29400 25000 4240
34560 35240 9120 30120
26640 4880 43120 30520
14880 16080 39640 20000
27200 11520 30320 27760
17440 20440 46080 23680
30920 29040 13800 27440
19160 12960 29880 20400
36040 9640 39960 37680
16520 33800 17560 10480
6000 33480 30160 2320
28200 38920 5800 22320
218 278 368 577 186 443 465 521 515 845 619 319 103 281 376 753 624 505 781 316 418 773 173 436 259
245 148 374 532 386 473 258 486 332 636 450 113 111 191 546 572 414 410 571 439 255 671 268 346 468
604 432 685 656 825 738 196 700 297 191 299 345 557 504 951 298 33 499 150 813 333 620 683 539 915
370 225 687 369 633 455 173 765 436 425 118 298 430 489 712 250 274 210 439 562 84 388 600 602 752
364 339 861 109 629 281 437 970 693 654 272 511 544 677 622 383 542 78 698 470 278 202 721 818 770
278 255 284 615 310 517 382 423 393 754 576 217 48 158 500 700 529 513 676 426 379 780 141 317 362
665 550 289 930 720 895 453 218 206 654 711 355 458 261 919 775 477 785 519 842 586 1011 432 119 728
639 467 718 678 862 766 232 729 324 154 311 382 595 540 986 293 70 522 125 846 363 628 720 569 952
743 694 182 1074 677 981 692 90 493 954 946 541 513 357 888 1035 760 955 824 863 780 1210 379 250 624
376 535 644 644 150 442 764 805 850 1141 847 644 437 611 114 989 930 655 1096 230 665 888 447 755 194
457 515 295 816 271 661 663 450 627 1030 851 495 303 357 471 979 805 750 942 488 651 1018 158 448 188
377 286 253 672 452 611 309 347 254 653 546 138 172 55 640 652 430 544 559 554 369 798 224 205 495
539 551 1070 180 776 366 649 1185 909 813 446 728 745 890 715 515 738 295 881 579 495 166 917 1035 920
710 537 709 777 914 855 298 697 298 172 416 419 635 548 1053 393 139 620 43 920 449 733 740 546 993
790 618 774 845 995 931 379 749 362 157 475 498 715 620 1134 431 216 689 43 1000 526 784 815 606 1072
674 508 561 818 837 856 294 534 153 338 499 342 549 422 1000 516 207 659 200 882 463 822 622 391 896
364 273 783 245 639 372 306 876 567 520 142 407 491 589 678 272 401 98 558 523 165 266 668 717 771
268 130 629 331 531 374 199 725 442 518 211 258 344 436 611 350 341 178 514 463 31 417 520 568 652
300 350 309 659 203 521 514 468 525 889 687 354 144 267 411 818 665 585 814 377 486 853 107 405 225
734 610 361 984 797 960 489 266 228 642 742 413 532 338 996 793 486 835 501 916 634 1050 510 197 807
192 268 398 551 170 413 467 551 532 847 608 329 119 306 352 744 628 485 788 286 409 752 204 463 260
546 532 81 895 455 780 599 228 480 926 831 428 326 240 666 941 709 793 816 646 644 1058 164 255 406
469 450 972 141 727 347 527 1079 788 693 322 616 655 786 700 400 612 187 757 552 377 108 831 925 870
237 125 642 293 506 330 242 745 480 559 235 285 343 453 575 376 386 147 558 425 75 402 520 592 633
478 324 739 450 736 558 185 797 430 321 88 349 515 541 821 164 208 297 355 671 187 411 676 631 850
175 121 413 484 329 408 301 539 403 682 455 180 95 248 477 587 464 377 627 366 255 644 273 408 426
193 210 368 540 253 431 388 511 452 769 548 246 44 242 426 680 548 452 706 340 347 720 198 404 336
556 385 679 599 785 682 156 708 311 224 246 319 525 491 903 262 51 442 206 763 279 568 660 543 881
211 89 434 474 396 427 234 545 357 615 399 129 149 250 536 526 397 350 562 416 200 611 320 401 492
220 192 347 551 306 459 343 480 398 722 521 194 27 199 479 648 500 448 655 388 321 715 202 362 382
630 509 298 886 699 856 407 251 161 615 665 312 429 237 894 729 433 741 483 812 541 965 420 121 716
509 533 1048 151 739 326 646 1167 903 830 457 715 720 872 673 536 743 284 892 539 487 200 890 1019 883
642 481 506 809 793 834 284 482 100 385 509 304 505 369 961 540 230 651 252 848 450 830 570 336 847
291 405 442 635 66 464 609 603 657 989 742 466 250 408 277 880 769 596 928 280 545 856 243 549 122
699 535 574 843 860 882 320 540 171 341 521 367 572 440 1025 533 227 684 200 907 488 844 641 401 918
742 575 628 868 911 917 351 589 225 309 531 415 623 495 1071 528 234 708 164 951 518 853 695 454 971
774 601 778 820 984 909 363 759 366 131 448 490 707 619 1119 401 198 665 28 983 505 755 812 613 1064
415 545 528 736 141 545 753 687 793 1134 880 609 392 534 259 1019 914 717 1071 337 685 969 346 660 54
199 266 385 559 181 424 460 538 520 840 607 319 106 292 365 742 620 488 779 300 407 756 192 449 265
475 307 501 626 661 653 103 534 160 378 353 164 381 316 809 419 155 469 297 684 267 663 495 368 739
336 406 334 695 175 542 578 495 586 954 746 419 208 323 387 879 730 632 879 378 545 899 138 451 165
310 367 316 669 193 527 533 476 543 909 705 374 164 284 403 836 685 599 834 376 504 867 113 419 207
629 476 854 559 887 694 302 891 497 211 181 475 658 660 971 96 229 422 301 820 339 454 812 726 1000
657 484 675 730 863 803 245 673 270 192 375 369 586 507 1000 367 87 571 93 867 397 696 696 518 944
393 349 870 151 662 326 421 974 681 616 235 509 560 682 664 340 514 90 667 510 270 178 738 818 802
157 291 491 502 121 341 515 645 613 894 619 398 205 399 263 759 680 462 847 192 427 721 292 557 253
422 550 523 744 148 555 756 681 792 1137 885 610 394 532 270 1024 916 725 1072 347 690 977 343 657 47
764 666 288 1051 777 1000 589 148 343 781 848 478 543 346 985 913 612 911 642 925 716 1144 473 183 761
582 423 465 761 732 778 239 459 55 407 479 243 444 316 900 525 221 604 284 787 401 795 515 303 789
517 385 836 408 786 551 288 900 536 359 45 445 591 638 847 97 302 275 426 693 245 321 760 734 910
484 323 454 663 651 677 150 482 113 416 405 152 365 275 809 472 199 508 320 691 304 711 463 316 719
288 181 692 276 561 349 248 789 501 530 184 323 398 500 620 326 374 118 543 467 85 353 576 632 689
52 120 548 354 315 264 359 680 525 724 427 297 216 391 399 567 524 278 697 261 241 544 384 552 444
464 426 98 799 432 702 480 244 377 813 714 309 234 122 640 823 594 688 708 594 530 950 128 188 422
605 455 426 806 735 811 290 406 36 459 537 264 447 296 911 586 281 651 329 806 448 850 497 257 781
526 392 839 419 795 561 289 902 534 349 54 448 597 641 857 87 297 286 418 703 252 328 765 736 918
603 558 43 936 549 841 580 121 418 877 827 419 373 228 760 926 669 821 757 726 653 1079 245 173 512
565 432 873 444 834 594 320 932 558 335 93 483 636 675 895 50 310 319 417 741 291 332 803 765 957
545 403 829 458 810 594 274 884 509 308 81 439 601 631 882 75 262 321 377 729 262 369 765 718 930
81 95 519 380 322 299 332 648 490 702 420 262 189 358 423 559 498 290 670 290 227 559 361 518 445
640 468 721 677 863 766 234 732 327 151 310 385 597 542 987 290 72 521 126 847 364 627 722 572 954
489 347 787 418 754 544 237 850 486 344 39 396 548 588 826 128 260 274 396 674 207 359 715 684 874
240 413 671 465 188 263 651 828 786 1016 694 562 388 585 109 835 816 487 989 51 528 710 469 744 318
204 167 687 219 478 245 329 801 561 636 287 355 367 507 517 427 471 105 643 363 162 374 544 655 614
840 667 788 904 1036 987 429 752 380 206 535 538 753 646 1181 489 271 748 101 1050 581 844 844 616 1108
699 545 496 883 831 900 358 447 131 439 587 358 544 387 1008 615 304 725 298 901 523 907 587 319 874
673 504 604 794 852 844 277 585 192 284 461 353 566 454 1007 468 165 634 149 883 444 784 652 437 919
320 157 457 516 513 512 123 537 264 501 341 68 246 259 654 451 281 370 444 529 174 606 393 377 602
672 519 894 587 931 729 344 928 531 200 216 518 702 702 1012 103 260 455 309 860 382 466 856 764 1044
656 485 635 754 850 816 250 627 226 237 411 352 568 474 996 413 115 595 116 867 411 734 668 474 925
246 132 393 518 403 468 236 501 325 615 426 100 133 207 557 548 394 392 553 444 232 651 292 357 489
309 292 813 112 575 242 413 926 664 661 282 472 493 632 575 406 532 48 694 421 248 257 669 777 715
302 473 696 520 193 314 711 855 837 1078 758 616 432 625 46 898 877 549 1049 110 591 767 493 781 302
296 468 700 508 200 302 706 859 835 1071 749 614 432 626 55 890 872 539 1043 100 584 755 498 783 312
749 644 297 1027 774 982 558 172 308 744 816 453 531 333 980 878 577 886 605 915 688 1115 473 171 765
553 382 562 674 745 720 153 576 175 305 361 248 465 387 890 398 96 514 213 763 321 682 573 414 823
383 213 501 537 586 558 56 563 236 428 305 117 319 305 722 399 207 382 372 593 179 596 457 398 676
314 461 557 620 58 428 684 718 760 1063 785 557 346 519 169 926 848 609 1013 220 596 856 358 663 142
231 180 347 550 333 468 318 474 373 696 502 167 51 186 503 628 473 441 629 407 304 706 217 349 409
231 351 457 576 69 409 563 616 632 944 686 429 218 395 266 825 726 536 888 238 490 796 254 546 180
697 551 445 904 809 907 386 387 132 500 626 357 525 354 993 664 354 749 360 894 545 943 550 267 842
313 308 250 660 296 550 433 399 423 802 632 265 93 166 497 755 577 564 720 439 434 831 86 313 327
624 565 85 948 590 863 565 79 384 845 817 411 394 227 800 910 642 826 721 759 650 1080 283 135 560
677 504 691 746 883 822 266 685 283 179 388 389 606 525 1021 372 106 588 72 887 416 707 715 531 964
776 707 230 1093 737 1015 675 75 454 908 933 538 546 368 948 1013 725 965 773 911 780 1212 432 230 695
434 274 441 622 604 629 127 485 151 444 386 105 321 252 760 468 220 469 359 641 266 683 430 319 677
184 94 430 470 360 408 269 549 386 649 423 159 125 255 501 553 433 355 598 384 223 620 301 412 459
346 287 235 665 389 584 357 357 323 714 579 184 121 77 582 693 489 549 625 506 391 810 160 238 427
21 165 576 339 294 226 403 713 570 764 454 342 244 428 359 596 567 284 740 217 277 545 403 590 431
729 557 686 817 921 885 321 664 275 217 462 422 638 535 1068 444 174 658 73 939 480 781 731 519 993
351 473 476 685 85 504 678 637 720 1059 809 534 317 465 264 948 838 656 996 305 613 912 284 597 59
106 259 661 301 299 139 493 804 671 840 505 443 333 524 300 645 653 296 827 145 350 534 476 687 443
228 355 473 569 59 399 570 632 644 951 688 440 231 410 250 827 734 533 897 223 493 791 270 561 182
822 649 783 883 1021 966 411 750 373 187 513 523 739 636 1164 468 250 727 79 1032 561 822 833 612 1095
542 523 1045 201 797 406 588 1150 851 723 366 685 730 859 760 423 661 261 797 616 445 70 906 995 940
206 97 425 480 383 426 247 538 363 628 413 135 135 244 526 540 410 359 575 408 214 621 306 397 478
530 358 584 634 735 688 121 608 212 293 317 245 461 401 872 358 70 474 222 740 285 638 581 444 819
274 112 466 480 476 467 153 557 308 534 339 94 222 270 610 459 317 339 484 484 154 584 381 401 572
333 422 378 687 137 525 606 539 626 984 762 452 237 366 346 897 761 635 913 350 562 899 183 496 124
386 430 265 746 248 603 576 426 551 945 765 408 217 282 459 892 720 671 859 448 565 939 83 394 216
