1
3
5
20
100
100000
20000
50
20
300
1 
1 
1 
1 
1 
4840 30120 19360 30360
12320 34840 20240 25120
25720 680 18640 38280
10920 19520 6640 24000
19400 37440 20200 17800
32160 10920 18360 33600
30880 41560 23440 7000
9880 16120 14160 33280
34960 29920 18080 14560
45560 35680 28120 23880
14960 11400 9960 30360
20800 9120 9160 28760
35920 47240 29120 10960
35400 38720 22440 4400
3400 22480 15760 31960
28200 19840 10640 20000
6480 31440 24000 36560
27120 41680 23440 12400
24800 27360 10320 10440
26960 5280 15720 33920
152 702 427 358 599 837 889 327 513 882 92 880 567 474 583 405 246 1012 742 690 248 921 927 507 178
899 297 932 521 652 327 139 914 420 73 955 409 595 748 1025 631 704 509 614 473 703 473 278 475 877
435 730 160 647 386 1159 1106 911 867 981 650 766 1037 275 7 890 754 837 501 1096 453 1292 896 553 762
356 493 174 425 179 920 863 776 638 742 563 561 827 31 247 694 578 657 326 869 268 1056 675 309 634
429 363 556 47 461 488 506 475 173 500 463 576 364 443 695 261 238 718 549 402 261 606 578 247 400
378 415 245 371 125 849 787 759 577 665 572 493 776 46 324 650 548 597 277 808 247 988 601 233 624
720 393 839 338 665 196 250 623 144 354 717 598 290 697 968 336 440 731 697 195 553 329 523 436 611
362 479 188 417 166 908 850 775 629 728 567 547 820 19 260 688 575 644 314 860 265 1045 661 296 635
315 411 445 73 409 606 617 461 287 588 380 604 449 356 590 316 227 743 523 510 145 720 635 237 354
990 362 885 725 532 787 602 1201 761 390 1132 160 984 686 907 959 963 76 399 900 800 936 187 533 1114
848 249 745 597 393 738 572 1077 660 363 994 29 889 546 776 847 837 115 270 823 659 893 173 396 983
978 617 1112 607 927 84 261 783 393 469 942 789 384 970 1241 514 657 903 941 224 822 76 674 703 814
234 521 427 172 478 678 711 380 351 696 269 711 463 390 583 309 172 847 606 555 139 778 746 339 256
664 222 730 281 510 333 274 689 210 255 713 433 430 566 844 418 468 570 529 364 473 483 378 290 639
534 321 394 429 42 822 724 873 599 569 716 344 820 197 433 719 645 437 118 821 378 971 469 220 749
799 474 930 425 758 112 237 653 214 393 778 671 280 791 1061 368 495 798 787 140 640 234 581 530 661
606 336 448 495 103 857 745 946 654 574 790 309 880 259 464 784 716 384 48 870 452 1009 449 279 822
607 229 680 224 479 368 328 644 182 307 657 448 412 522 798 381 418 588 513 368 418 512 412 252 588
385 294 416 150 277 624 587 607 344 510 504 468 550 268 538 439 372 603 378 575 185 758 518 94 497
871 300 916 489 650 285 111 869 375 112 918 436 546 738 1017 585 662 544 624 424 678 435 315 462 836
772 664 966 472 880 303 478 484 273 631 685 878 92 871 1114 253 413 1013 943 104 662 298 807 652 541
474 912 751 547 898 851 969 100 585 1030 262 1118 499 790 906 384 312 1259 1030 659 544 881 1128 755 168
929 308 952 555 662 361 166 954 461 61 991 397 636 765 1042 671 742 488 616 512 732 503 257 496 915
815 529 960 452 804 119 283 632 233 449 778 728 245 829 1095 355 494 855 838 90 665 201 638 574 653
644 264 728 257 531 316 287 645 162 297 681 479 382 574 849 371 428 617 561 324 460 460 427 304 601
579 413 390 526 99 924 820 954 703 655 776 390 922 220 389 815 732 455 120 925 447 1074 532 324 823
766 376 870 380 673 171 189 684 201 303 772 571 345 719 993 396 498 699 692 231 592 319 483 449 670
446 389 295 407 59 855 778 818 602 640 638 441 810 98 347 693 600 536 210 830 309 999 559 235 686
675 145 593 435 253 679 548 915 532 369 821 154 764 392 645 702 675 284 187 724 486 833 256 224 814
60 623 288 328 467 853 872 463 527 831 228 780 635 333 446 476 322 905 615 733 144 957 845 415 315
940 528 1054 558 849 44 166 794 357 373 925 695 407 902 1177 513 642 807 854 247 772 172 578 629 807
510 292 609 123 459 426 421 552 149 410 553 511 375 471 738 308 320 654 524 375 329 556 498 229 487
806 283 679 596 326 802 647 1075 689 443 967 108 921 484 697 863 835 151 189 870 627 957 263 380 971
671 316 771 283 584 266 267 630 137 317 690 528 339 622 896 348 425 664 616 270 493 407 465 356 599
620 61 595 321 305 557 449 799 396 307 737 250 629 404 679 572 560 393 299 589 420 710 281 151 710
399 448 566 98 522 514 560 391 187 575 397 660 323 481 715 194 154 802 622 394 263 614 662 321 320
498 539 696 232 659 454 549 329 163 614 437 758 190 620 848 61 153 901 750 294 394 526 736 448 316
426 812 697 448 813 760 871 54 485 928 236 1020 417 715 855 289 210 1161 941 573 464 800 1027 660 95
717 80 662 432 334 603 463 909 491 280 844 142 722 462 725 676 670 285 275 665 520 759 187 248 821
549 132 529 269 262 583 495 749 381 371 671 305 611 342 620 538 509 444 291 590 350 732 351 80 653
346 752 105 613 431 1141 1107 827 834 1000 556 817 986 291 103 833 688 901 563 1060 405 1266 936 558 678
504 211 445 302 164 679 594 769 455 461 653 325 680 250 525 588 533 452 222 675 315 827 408 79 658
777 593 950 444 833 220 390 542 228 545 715 803 144 839 1093 280 433 935 885 18 648 247 725 603 579
814 215 718 561 368 715 554 1041 626 348 959 18 857 518 754 812 801 151 253 794 625 870 170 360 947
312 408 254 291 197 792 749 670 505 649 492 525 694 108 369 564 458 641 342 736 159 926 614 202 536
857 222 869 491 577 393 217 914 426 33 930 329 623 681 957 638 693 435 533 516 658 544 206 414 864
385 363 292 322 126 791 729 733 523 611 565 459 727 102 381 607 513 571 269 753 228 931 558 176 603
300 791 576 427 735 830 914 191 525 941 98 985 514 619 732 363 228 1123 873 658 380 890 1013 614 64
760 111 759 412 466 449 303 862 395 141 849 264 614 569 845 600 631 392 431 533 560 604 193 306 797
522 767 777 425 832 635 764 119 394 847 364 984 280 758 936 182 199 1127 945 440 507 662 970 648 209
387 754 653 390 756 725 826 102 437 876 218 961 394 661 812 252 154 1102 883 544 409 774 970 601 63
847 215 763 575 415 686 518 1053 622 308 984 35 849 562 803 814 814 149 305 777 654 840 120 385 964
467 779 730 423 813 691 809 63 429 879 297 992 343 728 889 224 184 1135 933 501 475 726 989 643 143
305 432 449 84 427 611 628 439 288 605 360 626 441 369 597 303 207 765 543 508 146 722 656 259 332
788 500 929 422 772 133 276 621 204 430 757 701 242 798 1064 340 473 830 807 102 635 231 615 542 635
579 804 835 471 884 632 773 148 417 870 416 1023 270 814 993 208 253 1166 994 432 563 646 1001 695 262
774 179 801 405 528 368 228 829 346 119 843 343 553 618 896 557 606 467 506 461 576 523 253 344 777
60 631 231 363 442 895 904 520 571 849 272 775 690 298 389 532 380 895 592 783 159 1003 850 420 371
819 317 681 623 331 837 682 1100 721 477 986 140 954 489 691 893 861 153 185 904 644 993 293 404 993
426 571 178 534 224 1023 956 872 747 822 642 605 937 136 168 802 683 681 344 978 371 1162 733 405 727
900 303 789 654 436 778 605 1133 713 393 1049 83 941 591 811 902 894 59 303 871 714 931 191 452 1039
217 654 475 296 596 754 814 279 433 819 144 845 482 489 634 320 160 981 731 604 242 835 878 473 136
507 546 706 242 669 451 549 327 166 618 442 766 180 631 858 52 158 909 760 288 404 520 742 457 318
718 121 736 359 464 413 290 803 335 172 797 312 556 553 831 540 574 446 449 481 519 568 253 280 741
358 643 602 279 662 642 727 201 337 767 253 851 342 581 760 182 43 992 782 475 329 708 859 495 131
457 628 686 287 703 552 656 222 271 720 355 845 238 642 843 81 92 988 810 376 397 608 833 511 218
99 643 358 318 521 826 860 393 499 836 168 813 585 395 516 424 266 943 666 693 175 921 867 442 245
394 323 483 55 374 552 542 531 253 500 470 522 453 357 616 344 292 662 468 485 204 679 546 168 436
674 5 651 361 351 534 410 835 408 254 785 223 639 457 731 595 597 365 326 585 474 689 229 207 752
608 387 429 529 112 906 795 970 697 624 801 351 920 253 431 819 744 413 79 915 467 1057 494 318 842
758 100 704 464 374 595 444 939 507 251 881 124 735 505 766 699 700 264 304 670 560 750 144 289 854
897 600 1046 538 886 101 299 687 318 490 852 790 288 915 1181 421 567 912 915 128 750 115 688 657 721
173 531 353 215 435 740 759 432 415 726 268 705 538 331 509 384 244 837 573 626 81 846 755 332 296
275 504 154 372 236 888 849 695 592 747 480 602 767 84 276 627 504 708 388 821 192 1018 703 302 552
362 762 632 396 749 751 848 119 458 891 187 966 424 649 790 279 167 1106 879 573 398 804 980 602 33
757 314 611 585 262 846 702 1057 702 506 929 183 934 420 620 863 820 224 114 897 588 1001 338 362 945
211 546 140 367 300 896 871 646 588 783 420 658 748 149 288 602 468 768 452 815 165 1020 752 337 501
226 810 501 459 705 910 978 296 593 983 21 991 610 574 651 454 304 1124 850 747 359 980 1035 618 168
703 231 766 319 538 309 236 717 230 225 749 433 440 600 878 442 500 566 548 360 512 461 365 323 672
874 222 800 587 454 662 487 1061 618 275 1004 79 842 599 844 815 823 165 348 762 679 814 78 408 978
562 340 407 464 60 849 746 908 633 584 748 339 855 216 433 754 681 422 91 853 410 1000 472 254 783
303 486 484 122 491 609 647 375 282 643 318 686 402 424 637 253 142 825 608 487 184 709 708 322 272
713 312 805 325 603 241 222 672 179 280 735 515 367 650 926 389 470 648 624 278 532 389 441 379 643
557 218 465 373 137 723 621 841 518 467 717 277 746 264 525 658 605 394 153 733 376 873 382 150 728
719 605 906 409 816 292 449 467 209 587 645 820 70 807 1053 210 366 957 879 92 602 319 756 587 507
545 791 802 451 860 644 778 120 413 867 382 1009 284 785 961 201 226 1151 972 446 534 664 992 674 228
57 623 277 333 461 860 877 474 534 833 237 777 645 325 435 486 333 902 609 742 144 964 845 414 326
800 170 812 438 525 402 246 871 391 90 877 307 598 625 901 601 646 427 490 504 601 557 209 357 816
784 153 794 425 507 412 261 863 385 107 864 298 597 607 883 594 636 421 474 507 585 566 208 339 805
263 464 419 126 430 650 670 428 327 645 325 653 466 356 571 321 206 790 554 543 117 759 689 281 311
310 714 62 569 401 1097 1064 790 790 961 523 787 942 255 123 790 646 875 539 1015 361 1222 902 517 641
662 129 586 416 252 663 535 895 512 361 804 168 744 386 644 681 656 301 198 705 471 817 260 206 796
544 135 542 243 292 552 471 723 346 360 656 328 577 361 640 506 483 469 326 556 344 700 360 86 631
611 336 452 499 108 858 745 950 657 573 795 306 883 264 468 788 720 379 44 872 456 1010 446 282 827
572 567 770 293 718 404 520 353 162 611 500 787 116 689 921 69 218 929 801 228 467 461 751 500 368
718 134 641 461 300 662 521 941 539 333 858 113 771 440 693 718 701 251 222 720 526 817 209 259 845
228 621 59 453 342 982 956 696 673 863 446 717 827 184 216 677 536 819 491 899 245 1106 821 416 548
481 271 392 334 103 741 658 786 506 522 647 355 726 193 463 624 555 471 195 730 305 888 455 128 667
91 602 219 344 411 878 881 534 556 822 296 743 684 269 378 528 380 863 561 772 134 990 820 390 386
1023 685 1167 660 992 151 325 798 442 536 975 858 400 1030 1300 542 692 970 1008 247 874 20 741 766 841
