1
3
5
20
100
100000
20000
50
20
300
1 
1 
1 
1 
1 
14400 9160 22120 21040
24680 42320 18240 28680
15920 32000 22360 2760
15760 17080 12360 29880
20920 1840 25160 31200
7240 13400 15560 16280
3600 19040 6520 17560
13200 24080 22240 6720
24800 16080 23080 38480
23000 20480 18680 37120
16040 33040 8960 23360
26720 13960 34440 30520
13640 32920 12280 15600
19320 14120 27960 21600
12560 21560 5920 26120
8840 27400 14160 7520
10880 8720 15680 22640
18800 38200 17800 17040
12120 15680 21320 14720
18840 8000 20240 31520
817 877 578 230 699 591 594 757 147 566 469 292 711 399 261 383 872 517 757 70 555 390 652 629 399
281 477 477 979 910 296 1238 724 793 456 451 677 488 826 918 1027 145 931 142 844 721 498 1028 333 617
84 157 329 902 666 393 1076 449 846 659 427 615 245 971 1009 900 466 747 278 830 522 563 811 269 760
430 489 189 426 498 281 694 442 372 443 105 123 328 573 551 474 591 423 414 330 287 196 551 248 407
733 663 474 328 217 710 311 392 617 870 532 364 521 882 776 204 1012 18 809 457 243 618 136 615 785
754 787 495 132 565 572 491 636 248 610 420 206 619 515 393 265 872 382 727 77 432 391 518 573 469
730 633 490 434 126 751 358 337 713 936 579 441 508 976 877 305 1043 103 831 558 245 684 61 637 866
463 658 525 881 967 240 1195 827 614 208 411 606 602 584 703 967 162 928 258 710 756 361 1050 390 391
872 1002 721 598 998 570 963 989 236 376 558 524 860 31 155 747 746 848 730 407 812 398 988 693 203
361 348 96 502 360 366 678 262 546 593 214 246 181 756 726 492 648 360 436 470 152 365 457 241 584
240 106 222 747 435 451 868 217 782 723 385 496 82 964 960 715 639 538 420 721 318 548 586 285 770
480 542 242 388 520 305 677 484 320 433 141 89 381 530 500 450 614 425 450 279 316 181 559 294 375
331 366 66 512 442 284 729 339 498 510 131 225 203 690 676 527 575 422 370 446 230 288 530 177 510
359 495 255 597 671 93 890 564 421 281 105 304 374 531 571 666 399 619 257 456 457 124 743 180 324
688 626 427 319 217 661 351 366 584 824 484 320 479 848 747 215 963 34 761 429 202 572 173 568 744
925 1026 729 465 928 645 822 958 169 510 583 479 870 200 23 621 869 755 814 299 765 446 891 736 322
750 767 483 99 511 591 437 596 308 653 429 205 600 575 454 208 897 323 740 138 392 423 458 575 521
565 600 306 284 471 413 572 483 310 523 244 18 433 556 489 343 722 342 555 212 290 273 482 389 435
511 465 250 399 246 501 527 260 547 696 330 237 308 790 725 355 795 205 588 428 56 449 310 393 649
323 517 401 827 847 139 1115 694 613 282 317 533 465 644 734 894 170 829 120 677 640 324 942 258 433
875 835 603 195 412 788 193 583 554 892 611 397 680 819 682 41 1098 212 915 382 410 650 288 729 769
1002 1119 828 591 1053 707 945 1073 282 526 672 595 968 155 107 748 896 882 871 426 883 521 1019 817 349
197 396 384 901 816 237 1150 631 741 448 373 598 395 802 878 942 213 840 67 777 628 442 935 243 589
845 793 576 243 352 780 197 532 588 903 602 399 643 855 726 88 1089 157 898 417 368 656 226 709 791
799 805 529 44 506 651 381 614 355 714 486 260 639 621 489 157 957 308 797 184 412 485 434 629 578
389 570 400 758 837 113 1064 707 520 192 278 476 490 545 636 838 242 795 203 597 625 242 917 274 334
355 542 398 793 841 117 1090 700 566 236 295 504 476 594 685 865 203 812 160 637 632 282 929 263 384
542 500 276 364 254 515 497 292 527 698 340 222 342 775 703 320 814 182 610 400 89 448 298 416 642
896 1015 726 548 975 601 911 980 201 429 568 507 867 92 87 700 796 814 765 364 796 415 954 712 247
567 543 295 310 303 507 481 351 471 669 328 175 381 724 646 285 812 191 616 341 147 417 322 426 600
741 744 470 105 459 605 397 556 360 687 436 210 578 628 510 165 913 268 746 192 353 450 402 573 564
179 322 175 695 619 152 934 460 588 428 177 393 234 712 748 727 382 626 166 590 420 301 727 27 503
420 458 160 424 447 312 668 391 414 493 134 131 293 624 594 454 619 383 430 352 235 248 506 250 460
815 859 563 161 643 610 526 716 210 613 472 272 691 467 329 314 901 456 772 62 513 417 588 630 454
205 349 182 682 628 127 929 477 564 402 158 379 255 685 722 720 374 626 166 571 425 275 731 40 476
507 689 505 788 930 224 1117 815 502 93 364 530 605 469 586 885 278 869 314 609 716 274 997 389 274
761 652 529 478 124 796 364 349 764 985 625 492 537 1027 926 341 1085 151 870 608 284 734 42 677 917
825 794 552 158 402 731 251 555 504 834 555 339 635 771 640 26 1040 196 859 333 372 591 298 675 714
352 298 129 552 321 416 692 189 621 658 280 317 140 832 801 523 680 364 461 538 139 437 441 272 658
907 964 666 250 760 676 597 833 201 632 558 378 798 413 249 406 951 568 844 154 630 474 697 718 455
539 369 424 730 232 706 715 115 897 960 585 584 337 1127 1077 637 933 422 710 783 299 741 394 547 961
547 446 327 501 119 607 532 165 689 825 448 381 323 933 866 417 883 210 665 561 98 583 245 474 789
463 456 190 393 344 410 587 319 471 597 234 159 290 703 652 388 711 285 511 374 137 350 403 320 553
611 676 376 299 583 403 634 590 201 451 264 111 513 444 381 401 701 443 562 149 401 220 584 424 336
627 528 397 464 79 668 455 237 695 871 502 398 405 949 867 361 953 145 737 553 153 624 163 544 820
754 865 574 456 834 470 822 829 90 355 418 360 715 194 174 598 701 685 639 258 648 273 826 567 171
494 309 428 800 321 697 804 150 939 962 596 628 317 1156 1120 717 899 504 680 836 354 757 484 533 980
544 507 277 354 264 511 495 304 515 691 335 211 348 764 691 314 811 184 608 388 100 440 304 415 632
582 640 340 303 548 388 623 550 240 462 238 73 475 480 421 391 692 416 543 177 362 220 556 396 361
331 471 243 618 669 73 904 553 449 294 109 321 356 558 600 681 382 626 230 481 456 152 747 155 349
856 906 609 195 694 639 554 768 199 620 510 318 739 442 292 351 924 505 804 97 564 441 635 669 453
308 339 39 536 440 286 744 324 524 522 146 251 176 713 702 546 568 433 359 473 232 307 536 165 530
625 783 542 671 916 316 1022 844 342 94 375 462 666 289 405 790 461 816 458 477 706 222 954 467 93
149 332 251 773 690 161 1014 517 644 427 248 470 283 744 796 808 314 705 92 660 496 348 803 107 531
419 255 325 721 294 598 765 73 839 860 492 530 222 1053 1020 652 814 448 592 743 268 654 457 435 876
635 721 423 353 665 391 703 661 137 390 285 190 563 363 316 471 673 526 559 169 478 190 667 445 258
118 166 167 741 539 310 922 344 705 586 286 456 110 856 875 740 492 596 270 675 373 439 672 149 653
27 226 271 837 668 284 1042 469 750 551 335 540 237 865 908 851 385 719 178 747 497 461 799 175 653
511 479 242 375 281 478 530 293 510 665 304 200 317 753 688 345 777 218 574 393 91 416 334 381 613
162 343 253 768 694 149 1013 525 634 415 242 465 291 732 785 805 308 705 88 653 498 338 805 107 519
195 113 188 738 466 399 880 256 749 673 343 473 55 922 925 716 588 551 368 697 326 505 610 234 725
454 591 336 572 724 161 891 640 344 216 170 304 464 435 483 661 431 646 331 408 511 53 778 276 228
904 993 694 395 868 637 752 908 137 532 556 430 833 259 93 551 880 690 807 236 711 433 825 714 344
325 524 436 878 882 188 1163 721 663 316 364 583 488 685 781 942 123 872 121 729 679 375 983 290 477
510 430 274 469 178 548 544 184 633 763 387 322 291 874 811 403 830 214 614 512 36 520 282 421 727
483 662 472 759 896 193 1085 782 482 99 329 497 574 467 575 854 285 835 296 583 682 242 963 359 265
530 644 361 476 693 260 809 643 244 276 197 235 499 382 397 576 536 589 430 304 487 55 726 342 205
626 588 356 286 275 572 417 367 501 729 393 225 430 761 671 232 877 129 681 356 170 476 267 490 650
629 548 382 405 138 642 426 276 637 831 470 347 411 894 808 308 934 99 723 493 139 581 170 529 771
405 532 272 555 665 141 858 576 370 275 106 269 401 490 523 631 440 599 307 407 452 75 727 221 288
284 178 184 679 374 445 797 169 732 710 352 437 68 927 912 643 664 467 441 661 246 516 520 281 740
263 433 271 714 715 46 988 572 545 317 191 414 350 630 688 770 299 697 130 581 508 246 809 135 416
922 855 658 323 371 874 118 575 679 1001 695 496 713 946 810 168 1181 211 987 508 436 753 216 795 888
581 589 310 263 400 466 510 435 375 596 290 88 422 628 550 289 776 265 596 251 233 345 405 417 512
133 89 319 888 613 434 1040 392 861 707 442 611 211 1003 1030 874 534 710 338 831 486 589 764 293 795
1008 940 744 365 444 955 39 656 731 1072 776 571 798 994 850 222 1263 296 1071 560 521 827 283 880 951
356 556 475 911 922 224 1200 759 686 320 401 618 525 694 797 978 85 911 155 758 718 404 1022 329 490
292 264 77 586 384 362 748 233 616 613 243 326 97 812 795 570 618 422 398 550 199 405 504 211 628
555 599 301 302 495 390 598 497 294 495 225 18 433 534 474 369 699 370 536 211 307 245 509 374 408
490 310 409 772 296 682 779 123 913 944 576 602 304 1133 1094 689 892 476 671 810 327 737 460 519 959
723 852 573 536 875 425 899 848 177 272 408 399 711 171 231 672 630 741 589 337 679 247 882 542 84
600 672 372 323 599 382 659 598 194 425 251 124 510 428 375 427 678 465 544 166 412 196 605 411 313
457 545 251 442 579 248 742 524 315 367 107 153 392 496 487 514 554 492 402 310 370 116 624 267 324
1008 937 744 374 439 958 47 652 739 1077 779 576 797 1003 859 229 1266 295 1072 568 520 832 277 881 958
565 686 407 495 738 281 837 690 225 248 241 275 545 337 365 605 538 629 451 312 533 84 767 380 157
871 926 628 225 725 646 581 795 186 613 523 339 760 418 264 382 925 536 812 115 592 444 666 683 441
778 833 534 208 655 562 574 710 159 557 431 247 667 423 298 355 849 477 725 24 508 365 613 591 399
657 804 546 618 896 349 974 841 278 160 377 431 677 236 340 742 523 784 503 421 690 215 923 488 27
962 909 692 279 445 887 92 640 645 992 710 498 760 907 763 140 1197 266 1011 474 484 751 296 823 867
311 262 109 587 355 395 733 200 636 645 273 340 99 838 816 563 649 405 427 563 180 434 480 243 657
629 661 368 224 490 467 533 527 283 552 303 80 493 542 457 301 774 338 614 159 327 310 479 451 444
456 342 271 580 199 559 638 74 721 799 420 408 232 950 901 512 815 313 593 612 129 570 346 410 788
298 176 207 690 365 469 798 153 752 734 376 455 90 949 932 650 684 468 462 678 251 540 515 304 763
370 556 406 789 848 122 1090 710 557 220 297 503 487 580 673 864 208 815 175 631 638 276 934 273 370
863 780 609 381 275 847 208 489 715 1000 669 491 647 983 860 227 1150 154 946 547 372 748 115 752 904
617 711 416 388 682 363 736 667 150 355 270 206 557 349 321 504 640 551 532 203 490 159 691 427 228
887 986 689 438 892 610 799 919 129 487 544 440 830 205 54 593 841 721 780 265 726 410 858 698 299
408 419 135 438 388 351 648 327 471 552 179 171 251 687 652 446 650 345 449 394 175 311 460 258 524
76 255 234 791 652 233 1007 464 695 504 283 491 228 812 854 811 371 689 152 695 471 406 776 123 600
381 442 143 469 492 256 724 415 417 448 78 168 283 608 594 508 562 438 376 379 279 212 560 202 431
