1
3
5
20
100
100000
20000
50
20
300
1 
1 
1 
1 
1 
8000 34120 19200 6440
14480 40360 25400 9880
19560 13400 21040 28200
33400 6600 28640 42120
18600 30120 27760 23520
800 26200 11080 9640
8040 21560 14440 16400
25600 28600 32680 31720
18800 26280 8200 22080
7200 31560 11320 6120
26560 1040 22040 35280
13760 35880 25200 14080
11960 16280 6640 19920
21000 6560 18040 29760
13560 33040 10960 12320
30640 4840 24200 39080
29120 7280 26840 37960
24880 30000 14320 27280
19320 24800 26320 26000
26480 18360 29400 34600
777 889 570 682 443 658 776 130 504 371 548 364 283 833 739 405 610 487 314 862 551 324 973 220 97
699 1193 569 553 433 1066 1218 497 60 914 875 746 830 858 1012 231 1094 630 372 1045 186 231 932 769 544
659 354 528 673 556 124 281 495 881 380 117 201 574 580 255 714 235 384 569 430 828 756 731 426 642
788 338 668 812 698 51 141 613 1017 396 250 330 613 691 316 851 143 526 706 494 969 883 836 486 735
735 282 625 766 668 14 173 613 1000 440 206 320 651 630 251 832 207 487 688 429 944 876 774 515 750
526 272 434 567 507 223 377 545 868 535 83 267 711 423 111 697 391 310 562 269 789 773 571 554 726
366 330 347 446 471 413 555 620 849 711 254 399 864 232 170 682 588 284 573 143 741 794 375 703 823
977 860 778 914 690 577 638 395 807 150 574 419 72 982 760 701 446 656 587 921 847 626 1135 124 330
271 451 356 395 509 586 721 729 873 876 426 552 1015 88 330 719 764 365 638 197 744 854 202 854 939
417 730 210 323 93 611 769 232 406 580 411 309 610 498 550 234 673 180 108 608 340 329 625 475 435
856 879 650 773 538 624 724 225 618 277 552 370 170 892 746 519 545 549 418 886 665 437 1038 129 151
656 1082 495 515 343 937 1087 356 88 773 754 614 695 796 903 132 957 528 249 954 191 95 890 628 413
336 455 220 356 311 422 583 450 686 606 209 271 728 294 273 516 557 113 399 318 590 620 448 568 656
835 371 712 856 736 96 117 635 1046 384 295 360 604 738 362 883 107 568 737 539 1004 908 883 486 745
1019 876 821 958 736 588 637 442 854 155 601 454 92 1019 783 748 444 697 634 948 895 672 1172 168 372
412 400 295 433 366 344 505 452 734 550 131 225 690 350 220 563 481 169 435 308 649 652 504 529 650
555 155 559 652 679 381 474 787 1056 777 338 521 963 386 145 887 575 484 769 103 952 989 489 808 977
663 326 540 683 574 102 263 523 905 403 122 228 600 576 236 737 237 398 593 413 849 782 725 453 671
542 850 342 427 191 696 846 157 312 571 515 374 548 638 674 159 723 319 46 746 302 195 759 440 324
876 375 757 901 784 129 75 682 1095 413 339 409 635 773 388 932 121 615 786 562 1053 956 916 524 787
736 493 575 723 562 221 334 420 841 237 228 171 432 686 397 684 194 428 538 567 813 696 840 290 532
436 597 241 386 213 469 628 258 545 492 269 180 570 461 422 374 540 117 236 505 482 448 606 417 466
663 895 459 553 315 704 842 90 360 499 551 382 439 746 728 250 696 410 172 823 395 190 874 355 197
652 783 445 566 331 576 711 41 481 383 438 260 369 703 624 346 564 356 222 737 491 320 843 251 222
627 112 573 694 662 216 316 702 1028 627 231 413 824 486 91 856 410 463 723 239 944 934 614 675 873
661 836 454 564 325 635 770 21 430 429 491 316 389 727 674 306 622 383 198 780 452 263 862 289 193
462 512 290 439 298 379 539 316 636 458 178 124 571 450 340 465 464 144 326 444 572 533 602 411 513
693 1041 509 560 351 871 1013 266 201 671 702 546 582 812 866 174 872 510 222 938 288 18 921 523 299
301 458 207 333 316 450 609 481 694 646 241 312 768 254 278 526 592 128 417 300 591 638 407 608 689
251 738 78 143 100 690 852 410 440 743 473 436 788 374 557 290 790 192 246 559 318 437 476 649 609
422 325 345 471 439 327 480 536 812 601 145 293 757 323 143 641 490 240 517 226 719 735 474 596 732
892 291 801 937 852 178 65 789 1185 547 386 502 769 765 366 1017 255 667 873 520 1129 1057 897 653 910
767 841 560 681 445 605 721 133 545 320 503 318 259 811 696 434 554 466 327 824 580 367 955 171 145
821 645 637 783 587 366 450 363 803 100 364 235 280 798 545 662 270 499 524 710 803 639 953 149 419
665 1077 499 525 345 927 1075 341 108 756 746 604 675 801 898 137 943 526 244 953 210 75 898 610 392
993 933 789 918 686 655 724 376 761 236 631 463 24 1015 821 669 532 678 570 976 815 578 1164 160 266
826 723 631 772 558 453 544 297 736 123 420 260 209 824 609 605 364 502 476 766 750 564 977 57 326
728 373 594 740 614 95 230 525 928 348 186 241 554 646 304 763 167 449 617 482 883 794 797 416 654
59 752 236 134 364 805 961 671 642 963 597 632 1037 237 594 525 947 366 509 514 494 684 256 890 873
929 830 730 866 642 552 623 349 768 140 535 375 95 936 723 657 433 608 541 882 804 589 1088 76 303
736 1013 541 613 386 820 955 205 300 584 669 500 484 838 845 250 803 514 242 934 380 118 958 434 199
288 427 243 348 370 461 615 547 748 696 266 366 827 203 255 582 618 192 479 242 637 700 357 667 755
8 692 215 153 359 750 904 655 666 925 545 592 1010 181 535 537 896 329 505 454 521 692 226 859 860
406 844 230 277 81 745 904 310 296 702 539 445 703 533 662 133 808 279 117 695 207 278 635 584 484
621 84 611 712 722 342 416 805 1098 756 341 526 951 456 152 927 534 525 803 174 1000 1020 560 800 986
567 986 398 429 244 851 1004 300 154 722 661 532 671 700 806 38 883 429 157 854 165 124 799 583 407
772 393 637 784 653 101 203 548 958 331 230 273 545 690 340 796 122 492 650 520 918 820 840 415 664
287 410 276 366 411 476 624 595 787 735 293 408 871 172 248 624 641 239 524 204 673 745 324 710 803
656 952 460 535 306 775 917 169 279 581 611 451 510 758 780 187 775 438 161 862 328 109 878 436 245
700 1009 508 573 351 829 969 217 255 617 668 506 528 808 838 202 823 493 211 918 330 72 924 468 247
478 862 290 354 132 736 891 243 274 650 541 422 635 593 682 103 781 306 52 732 228 214 704 524 407
753 111 695 819 775 204 231 781 1134 636 321 485 848 608 217 962 376 578 825 346 1057 1029 730 711 936
954 886 751 882 652 610 683 347 748 199 584 417 50 971 774 648 493 636 541 929 794 566 1121 113 265
571 944 387 440 229 798 948 237 211 659 613 476 611 690 766 79 823 397 111 825 223 117 798 521 354
267 451 349 390 502 582 718 721 866 869 420 544 1007 85 326 712 759 357 630 198 737 846 206 846 931
301 879 214 155 181 834 997 479 358 855 619 567 871 467 700 252 927 337 287 688 212 414 534 746 653
407 543 228 377 241 436 597 316 593 512 226 182 610 412 365 422 527 84 289 445 520 505 561 453 523
386 799 198 267 41 701 860 296 339 672 494 405 686 501 617 172 768 234 113 653 252 305 611 560 482
801 152 739 865 813 205 197 804 1168 633 353 508 849 658 266 997 359 618 857 395 1095 1057 780 716 951
692 900 487 585 345 700 834 86 386 475 556 382 407 770 737 283 683 431 205 838 428 210 901 329 164
440 486 279 427 305 372 534 350 655 485 162 150 604 418 311 483 472 132 347 409 584 559 571 444 548
906 713 719 863 659 426 485 409 848 13 448 322 224 886 624 717 294 583 585 793 861 676 1040 143 422
750 711 551 690 473 461 573 217 658 207 386 209 261 759 580 523 406 428 391 726 666 491 910 103 289
512 433 362 510 387 289 450 382 726 433 90 114 578 467 272 556 389 216 415 403 663 617 621 417 565
82 762 198 80 315 795 954 625 589 931 584 604 997 267 598 472 929 337 459 533 442 631 305 852 825
484 231 504 587 634 430 537 771 1012 801 347 522 977 311 170 845 622 446 734 27 901 955 412 818 967
647 1101 496 504 350 965 1117 395 45 814 777 644 739 794 920 139 991 542 273 963 160 140 881 670 457
715 665 520 662 453 420 539 228 666 219 338 161 305 717 532 522 381 391 384 678 663 506 869 144 329
313 763 129 198 41 691 853 356 391 708 478 416 740 432 581 233 777 201 184 600 282 377 538 606 550
273 463 370 402 524 605 738 748 885 898 447 573 1036 87 346 733 783 384 654 207 755 870 186 875 958
942 313 858 992 911 239 106 848 1245 594 445 562 816 810 411 1077 298 725 933 555 1189 1117 937 706 966
1041 852 847 988 771 561 596 488 908 137 597 463 156 1030 771 797 404 717 678 941 943 728 1184 205 433
745 645 556 700 498 387 497 279 717 177 332 170 298 736 523 573 333 421 435 677 713 557 889 139 365
360 841 200 226 84 761 922 362 317 745 550 473 755 497 659 169 836 278 171 677 203 325 591 631 539
591 141 537 657 627 227 341 676 994 621 206 391 814 454 56 823 420 427 691 218 908 903 585 662 851
226 666 19 162 142 629 791 420 507 716 412 396 782 318 486 350 739 135 281 488 390 488 435 635 627
482 946 326 342 184 837 994 341 194 755 636 528 727 623 764 52 888 382 159 796 120 214 715 625 479
692 710 490 626 406 479 604 159 598 274 373 188 312 712 566 458 449 374 324 700 600 437 860 163 275
627 803 420 533 296 609 748 20 435 430 458 287 410 689 639 299 606 345 178 743 444 278 826 297 230
751 389 615 761 631 103 221 531 939 332 209 253 542 671 327 775 142 469 629 506 897 802 821 408 652
182 711 385 318 533 832 975 823 829 1064 647 729 1167 188 586 709 998 480 678 455 681 865 89 1012 1031
426 267 426 518 551 404 531 690 929 744 284 450 911 269 140 762 591 362 651 69 821 872 394 751 889
227 528 139 254 273 529 688 489 648 701 318 366 806 220 351 486 666 125 394 343 534 612 365 649 700
323 554 152 300 210 489 652 372 584 597 273 265 690 339 372 414 599 11 299 417 491 521 484 534 583
658 422 509 657 517 184 330 430 827 327 136 141 511 597 309 663 242 362 517 477 783 696 751 359 573
559 419 411 559 431 246 406 397 762 398 78 107 556 506 271 593 340 265 449 419 705 645 661 397 568
537 947 363 403 207 815 968 278 191 698 623 497 657 666 767 32 851 390 120 816 178 147 768 563 403
850 869 644 769 534 614 714 222 621 269 542 360 170 885 736 519 535 542 416 877 665 440 1031 121 159
886 841 683 814 585 573 660 284 698 195 529 356 117 905 721 590 475 569 478 872 736 518 1055 62 235
870 204 809 935 881 250 191 861 1233 661 418 566 881 725 335 1062 375 687 922 457 1163 1119 844 756 1000
408 551 226 375 235 441 603 310 586 512 233 184 607 416 373 414 531 84 281 452 513 497 564 450 517
696 880 489 593 353 675 807 66 415 446 535 359 382 767 719 306 654 425 217 825 452 240 901 300 157
1019 835 826 967 751 545 584 469 892 117 576 442 151 1008 752 779 392 695 658 921 925 712 1162 185 421
313 694 107 228 71 618 780 334 449 654 405 350 703 401 512 283 707 130 195 542 350 409 523 562 539
737 475 580 729 573 201 315 438 857 252 221 182 450 682 383 699 181 433 553 556 827 713 836 310 552
926 696 744 890 691 405 452 450 890 39 449 339 258 897 618 757 260 604 622 790 899 719 1051 188 467
242 694 43 159 115 648 811 406 477 718 432 404 775 346 513 320 753 151 258 518 359 461 458 632 610
747 111 689 813 769 199 231 775 1127 632 314 479 844 604 212 956 373 572 818 343 1051 1022 727 706 930
374 383 452 500 601 564 684 796 970 898 438 589 1054 189 298 813 752 440 723 129 845 942 263 893 1003
620 1024 449 482 294 879 1028 303 136 723 695 556 656 752 846 90 900 474 191 900 195 77 851 580 381
