1
3
5
20
100
100000
20000
50
20
300
1 
1 
1 
1 
1 
19160 36600 22200 24240
1480 39120 20800 26080
14120 49360 31800 35920
22800 24560 12960 13040
7640 47480 29120 34240
12960 38680 22080 25440
22600 17480 2760 6240
18280 26760 12240 17040
16080 23720 5480 10880
27240 12840 6000 600
9480 31560 13560 18120
30480 11640 10440 9000
18120 24560 9000 11400
22040 18600 3920 5200
24800 33360 22000 22480
30680 28520 21720 20240
27120 16560 9520 6440
20320 44120 29000 31560
25680 18600 9960 12160
35400 4600 13960 9520
1034 207 807 85 886 702 310 699 632 497 594 391 150 299 552 368 532 488 481 788 867 635 799 370 697
1009 231 840 134 809 635 174 563 632 347 502 483 290 349 631 316 652 492 532 747 858 680 701 503 804
13 1237 417 964 386 439 919 847 427 1017 607 809 1013 773 713 705 930 564 645 281 201 546 545 989 865
475 990 676 766 94 184 604 389 479 618 257 805 886 681 804 488 995 516 670 284 476 679 77 970 1020
823 501 762 332 559 405 107 305 519 216 248 565 493 399 665 201 768 414 528 551 705 645 433 662 878
695 547 475 268 613 427 363 623 287 564 392 221 309 77 307 167 427 144 177 468 523 318 579 366 520
734 967 330 729 912 779 893 1118 476 1096 843 379 640 515 228 686 305 494 358 690 566 277 969 464 144
617 685 328 412 630 460 524 745 210 720 482 182 400 180 170 307 351 131 25 440 431 158 639 363 393
1006 258 761 90 880 694 344 726 598 540 598 334 92 256 496 361 471 456 434 768 834 586 803 310 637
707 519 528 244 581 394 291 549 316 488 333 293 327 133 384 93 499 175 250 461 546 382 529 424 597
1104 162 935 211 891 722 234 604 729 356 581 562 339 439 716 410 718 589 623 840 954 774 774 558 878
303 932 246 654 378 278 648 690 111 787 407 501 696 457 431 415 646 249 337 155 133 275 461 682 622
844 391 695 161 653 474 137 482 474 349 355 408 315 246 530 150 603 339 409 582 695 548 559 486 729
1148 131 974 244 935 765 275 638 771 381 624 592 356 475 748 454 740 630 660 884 997 811 816 576 904
808 640 458 411 840 667 609 903 417 821 665 64 313 229 132 447 148 335 189 650 620 285 839 174 261
25 1220 382 945 400 438 909 852 402 1014 604 781 989 750 681 690 898 542 617 275 172 514 555 961 831
630 602 528 344 461 275 291 451 286 451 209 403 450 254 462 63 608 182 318 368 489 415 403 547 684
640 847 760 655 278 241 453 202 527 434 164 774 797 626 811 405 977 511 667 402 600 718 112 918 1034
815 890 412 670 957 809 858 1116 513 1066 852 319 562 473 202 669 202 499 347 740 639 315 996 370 37
64 1163 379 890 336 369 844 783 358 945 536 745 942 702 657 629 875 492 580 208 146 491 488 926 821
353 962 104 684 517 418 727 819 154 888 532 456 691 461 346 488 563 282 298 293 169 179 603 632 508
480 754 320 476 450 284 494 620 81 658 338 355 521 282 335 255 531 72 203 266 310 231 469 533 554
327 1059 574 812 55 195 690 530 417 738 340 786 911 686 755 529 961 494 635 186 353 611 220 961 959
607 624 505 362 447 259 315 463 262 473 209 400 462 257 451 86 603 164 306 346 464 397 397 549 674
730 539 655 319 501 329 178 358 412 323 196 485 462 322 571 102 691 308 430 460 604 540 400 603 788
721 705 366 456 776 611 625 885 341 832 630 115 385 242 49 434 206 282 126 577 533 193 790 266 251
593 678 338 401 584 412 489 696 180 680 431 219 410 176 220 264 399 81 76 400 412 184 589 398 444
879 669 916 553 539 451 300 99 667 184 292 787 718 622 873 405 992 595 730 619 805 827 375 890 1091
1011 339 907 286 755 601 103 428 675 185 444 613 450 459 746 339 797 550 627 740 882 765 623 657 937
550 945 147 681 726 604 796 970 303 985 687 367 635 449 209 568 398 357 265 503 377 125 793 513 302
559 697 330 418 542 371 483 668 145 667 397 261 441 203 255 251 440 44 114 359 380 193 549 439 478
919 368 805 228 683 518 30 420 574 236 372 525 396 366 651 238 717 448 528 649 784 664 564 588 848
700 645 384 384 714 541 537 797 297 742 547 96 339 158 129 345 270 209 68 527 513 205 715 277 340
845 386 635 107 712 525 262 605 445 475 439 287 205 139 424 195 477 301 322 601 679 472 643 357 611
327 900 284 624 352 238 607 646 103 743 362 494 675 436 439 377 650 225 332 134 171 291 423 675 638
734 491 559 219 595 408 262 537 346 463 335 308 315 143 408 88 513 206 278 485 575 412 535 427 618
712 668 377 414 745 575 576 838 319 783 586 91 355 194 92 386 236 244 92 552 525 199 751 264 299
840 509 536 273 808 625 482 803 428 695 590 82 191 127 245 352 256 308 215 644 656 357 780 166 397
672 683 347 421 705 536 565 812 277 769 554 125 378 192 103 364 276 207 51 511 485 167 715 303 324
497 776 521 528 274 89 420 401 281 514 116 554 636 425 570 245 749 272 428 225 398 470 236 715 792
673 552 523 283 532 344 286 509 296 471 282 335 377 180 412 56 541 166 271 420 518 390 478 473 630
701 616 680 410 432 278 231 278 432 312 120 566 555 406 637 179 772 353 492 429 595 585 315 692 858
677 626 390 355 667 490 489 741 266 692 491 133 337 123 180 290 324 160 62 488 492 216 661 311 396
806 533 762 363 532 384 139 275 516 217 222 585 523 419 679 211 789 418 539 534 694 650 402 687 893
887 338 706 88 718 536 187 554 501 398 426 370 244 221 508 203 556 360 400 632 730 548 631 427 694
460 766 345 491 405 238 485 584 96 637 299 397 549 312 382 249 576 106 248 230 301 273 423 573 600
973 375 879 293 713 560 71 391 645 166 402 605 461 447 732 310 794 523 609 701 847 743 580 661 928
583 668 359 389 550 374 457 654 170 643 388 250 416 177 263 227 437 43 118 375 406 217 549 425 487
857 928 452 716 1009 864 909 1172 566 1119 908 368 601 525 258 724 226 555 403 792 684 367 1051 400 45
915 550 898 447 605 484 190 218 651 94 317 711 614 545 813 348 912 556 676 645 818 789 452 798 1025
594 945 189 686 769 643 814 1002 341 1007 721 359 629 456 196 591 367 384 276 546 421 152 833 493 260
1042 204 811 95 896 712 322 711 639 508 605 391 144 303 552 378 528 495 485 797 874 638 810 364 694
651 966 247 715 834 708 859 1061 405 1056 781 375 644 490 212 641 346 439 318 611 483 211 897 489 213
506 850 611 620 193 90 470 338 384 515 118 673 741 541 688 343 869 391 548 254 451 580 116 832 909
356 1048 51 771 589 508 827 917 256 989 631 514 763 543 380 588 587 378 367 369 198 223 689 680 500
742 495 618 249 553 372 190 443 386 375 265 404 381 239 499 50 609 262 363 478 599 486 470 517 712
747 616 741 435 454 318 222 223 493 261 151 619 588 457 696 233 825 415 552 477 650 647 319 737 916
1013 342 911 292 755 602 105 425 679 180 445 618 456 465 751 343 802 554 632 742 885 770 622 663 942
160 1065 325 791 314 298 753 721 261 864 459 652 843 604 573 533 790 394 487 129 90 410 444 833 750
835 635 481 415 867 693 622 923 445 834 688 80 308 245 152 467 125 361 216 678 647 309 864 152 255
969 459 915 383 680 544 134 311 672 78 378 679 551 516 796 347 873 562 665 697 858 790 534 747 1000
440 981 634 749 70 151 599 412 439 628 248 773 864 653 767 469 961 482 634 242 435 640 102 940 981
211 1032 392 764 231 222 701 641 273 798 388 664 832 595 605 494 819 386 502 62 171 450 359 844 796
1017 281 755 134 908 721 390 771 606 588 633 312 49 259 476 391 434 466 427 786 842 578 838 268 604
892 766 502 567 980 817 780 1076 540 993 831 237 441 403 203 620 61 488 332 776 708 363 996 235 121
238 1014 213 736 407 342 735 764 184 872 484 557 769 531 465 502 683 327 393 190 52 300 514 737 636
576 763 254 492 638 483 601 802 197 794 529 224 469 259 141 378 352 178 74 433 389 78 668 400 355
804 781 892 638 442 391 397 37 649 307 259 830 797 669 895 443 1036 602 750 558 753 826 274 951 1118
601 933 197 675 770 642 805 997 339 999 716 346 617 445 183 583 356 377 266 548 427 146 831 480 252
430 915 102 638 573 454 707 836 160 880 550 387 631 410 270 469 486 255 235 350 245 103 643 560 434
597 913 753 712 222 231 519 260 531 503 206 809 849 667 833 453 1008 534 691 377 576 728 55 960 1055
345 943 484 688 149 88 588 501 296 666 255 654 780 554 630 406 832 362 505 97 296 495 228 828 840
479 841 174 565 572 434 640 793 131 819 509 322 559 336 225 405 442 190 164 356 291 69 623 499 416
388 952 82 674 551 445 731 840 166 897 553 431 672 448 314 492 529 281 277 328 205 147 632 605 471
1066 163 876 142 877 701 244 631 680 402 572 490 264 373 646 376 643 537 559 808 910 711 771 483 804
978 650 1004 576 635 549 319 169 755 138 388 843 744 677 941 473 1044 673 801 717 901 906 470 930 1155
960 380 865 286 702 547 57 388 631 173 391 594 454 435 720 296 784 509 596 688 833 729 570 653 917
1150 164 897 212 1014 830 427 817 741 595 723 449 179 396 613 495 547 599 568 910 978 719 927 373 724
258 979 380 711 236 185 650 609 231 753 346 618 781 544 568 441 779 337 458 16 182 417 342 798 765
1014 506 675 362 998 815 612 966 609 820 773 218 201 313 348 530 211 497 382 831 827 500 967 43 393
810 908 406 686 959 814 872 1126 516 1080 860 335 580 487 212 681 220 507 357 741 636 317 1001 388 49
566 780 631 558 266 136 398 295 392 447 46 640 686 498 672 287 841 372 528 304 493 579 161 791 895
825 947 420 727 987 846 913 1165 546 1121 897 376 619 529 252 721 253 544 395 768 654 346 1034 424 71
404 850 222 571 458 323 599 702 25 759 415 395 598 361 330 360 542 162 231 244 222 184 512 576 530
745 493 528 214 644 457 325 614 340 532 402 231 267 66 341 161 436 196 222 511 575 368 598 354 545
638 587 477 313 521 334 332 539 252 515 296 314 390 173 376 98 518 120 233 393 479 345 482 464 596
913 375 648 143 823 635 380 737 500 591 565 218 88 152 379 318 374 362 320 688 736 472 766 233 530
867 905 463 696 1010 862 894 1162 566 1104 901 350 579 510 249 712 202 548 395 794 692 368 1048 376 27
409 1042 32 768 639 550 841 952 280 1011 665 491 749 537 347 602 548 389 355 417 253 204 734 652 452
751 769 832 607 397 332 377 92 589 321 199 780 761 621 840 394 986 545 694 500 694 768 231 907 1063
948 677 986 589 601 521 332 131 738 168 363 843 756 677 935 467 1046 662 794 689 876 894 435 937 1152
345 881 342 609 306 180 570 590 138 695 307 514 674 437 475 348 682 229 357 105 212 336 366 693 682
547 804 213 532 632 484 635 821 187 824 543 260 509 299 156 407 373 199 115 420 359 39 672 434 356
916 605 924 505 589 484 248 166 676 118 319 760 672 595 857 389 963 590 717 650 830 823 429 853 1072
483 988 682 765 102 188 601 381 484 612 254 808 886 682 808 488 999 519 673 291 484 684 70 972 1024
102 1144 410 874 287 331 816 739 358 909 498 750 935 696 671 608 889 486 585 178 171 507 441 931 845
688 831 801 652 324 285 437 155 565 398 187 794 800 641 839 416 998 540 694 449 646 752 156 932 1062
871 489 817 352 594 449 101 289 573 161 286 609 517 444 715 254 810 468 579 599 757 698 458 696 925
1031 195 838 105 850 671 232 622 643 406 547 455 239 336 610 343 613 500 521 775 873 673 748 457 771
535 773 241 497 588 434 585 765 147 771 487 261 491 267 191 354 401 143 98 383 347 89 621 441 403
