1
2
3
10
20
100000
20000
20
8
300
1 
1 
1 
17680 8240 33920
28760 22760 24960
24880 17400 29000
22520 30800 23400
29320 29960 5920
14440 22800 24440
25200 22720 15960
34600 41240 18920
14880 25080 34560
10560 10520 24680
618 158 1032 585 846 758 501 795 315 731 828 242 378
403 782 474 341 63 100 911 501 772 253 1021 961 426
314 259 723 423 562 508 459 502 274 422 703 438 108
382 393 717 801 785 806 174 428 237 556 305 470 484
156 413 555 415 423 409 518 352 378 254 684 588 147
289 813 132 708 396 527 761 162 720 229 723 968 571
373 877 154 830 519 653 776 192 767 350 682 1021 671
447 437 789 197 491 375 700 641 506 465 942 605 161
182 445 552 364 379 356 572 376 424 236 738 623 133
278 555 553 257 272 217 712 448 556 233 874 735 199
571 51 988 641 851 783 385 734 206 705 714 160 383
126 475 486 624 532 573 420 211 366 298 495 618 349
228 450 582 316 370 327 604 421 446 260 783 630 108
277 576 501 797 664 728 404 221 436 422 356 687 519
322 413 654 765 727 755 235 366 264 495 331 510 453
232 758 185 660 372 492 718 132 668 180 703 915 513
546 779 695 182 278 121 984 687 814 438 1154 954 432
344 676 471 874 700 782 481 225 533 463 357 782 610
141 547 427 668 529 590 465 143 433 288 488 687 411
197 333 614 481 518 502 426 377 283 335 616 502 171
