1
2
3
10
20
100000
20000
20
8
300
1 
1 
1 
11440 17080 31480
19560 11880 23040
18800 14040 16840
19680 22480 1360
8520 4680 19160
7240 16680 22880
28320 31360 7680
16280 25680 21480
2960 11120 17920
18520 24040 6240
633 625 977 187 813 793 721 539 172 904 319 349 622
518 874 275 959 765 604 237 682 729 58 628 632 260
249 569 210 850 387 225 237 423 684 359 734 514 399
376 718 330 773 651 501 116 520 545 201 471 449 83
583 556 947 131 750 738 695 478 142 888 348 301 610
437 642 652 483 708 616 391 462 242 543 149 264 260
365 124 743 620 170 310 645 257 620 852 835 468 727
312 101 705 582 163 279 594 199 569 804 779 413 671
523 823 530 746 811 677 318 625 505 354 337 481 161
509 652 765 399 759 687 503 494 171 660 94 276 378
246 145 640 584 138 220 528 156 543 737 738 375 609
194 316 489 714 112 54 432 247 622 618 769 440 551
442 757 451 730 729 591 228 557 492 294 370 437 73
393 402 777 226 566 547 537 291 112 747 362 118 486
275 279 692 332 423 411 478 147 248 699 465 104 472
186 541 304 699 453 306 96 351 506 315 532 355 214
361 621 538 555 645 535 277 427 318 436 258 270 153
556 759 726 542 829 733 472 583 312 586 84 378 318
372 307 786 237 496 502 565 231 211 783 461 152 541
615 645 938 245 816 782 679 539 151 854 253 335 571
