1
2
3
10
20
100000
20000
20
8
300
1 
1 
1 
23080 15040 12760
19440 8480 13560
8000 34120 19200
14480 40360 25400
19560 13400 21040
33400 6600 28640
18600 30120 27760
800 26200 11080
8040 21560 14440
25600 28600 32680
552 185 303 318 460 644 787 709 811 899 465 566 1021
153 535 486 603 582 265 391 653 954 635 194 378 818
510 275 113 258 205 523 685 407 583 644 306 312 735
178 508 445 567 537 263 402 606 907 605 153 335 782
426 659 480 628 449 315 448 303 720 263 226 72 405
702 916 715 850 624 557 634 329 747 156 532 368 97
882 529 363 391 212 838 993 310 171 729 644 522 689
737 441 247 323 90 699 857 247 317 638 500 391 639
910 482 344 337 216 882 1040 392 177 807 678 576 777
55 656 604 724 692 214 299 726 1057 635 256 435 836
141 810 757 879 836 241 226 836 1194 669 380 540 885
752 993 792 927 700 601 661 400 806 173 596 439 50
424 280 313 381 458 517 658 657 831 796 348 471 935
126 807 726 858 786 138 129 750 1130 557 319 456 774
573 234 373 375 530 679 815 779 877 957 513 627 1085
465 626 440 586 397 365 504 249 662 293 247 63 405
401 562 388 537 375 325 477 303 681 360 169 25 489
224 507 404 540 470 241 399 509 831 518 58 235 687
352 893 751 899 753 193 193 606 1035 296 352 363 517
498 323 147 295 199 497 660 364 573 597 281 267 686
