1
2
3
10
20
100000
20000
20
8
300
1 
1 
1 
31440 33320 26240
16280 26320 3400
10080 18160 6160
2960 13040 10840
18960 8840 30240
26280 15680 38120
22720 28240 14120
25640 15800 35960
21600 13480 35400
26440 22160 30120
742 131 254 250 724 528 632 599 746 396 612 946 211
193 750 632 901 328 315 192 674 848 631 844 670 850
365 947 685 1132 827 679 506 427 489 974 575 157 843
175 863 647 1040 617 511 329 516 645 830 688 383 845
356 376 166 560 511 271 274 358 555 439 479 614 384
219 519 407 677 300 117 65 539 733 438 692 664 626
384 894 622 1080 841 669 509 336 393 947 479 105 766
715 51 330 161 592 436 580 695 866 224 744 1008 380
493 493 548 585 129 188 345 794 992 273 926 954 735
899 696 507 817 1138 899 885 440 405 934 283 767 367
389 427 422 557 215 54 234 653 851 280 786 826 622
132 648 515 807 330 232 77 572 755 557 739 619 733
889 193 473 22 735 603 753 834 990 336 857 1165 451
521 237 61 421 593 363 425 421 598 391 488 738 246
403 610 605 722 59 203 279 786 981 417 936 888 811
282 539 477 681 203 96 138 636 830 408 787 752 691
620 796 511 969 995 770 674 163 37 948 143 353 549
122 824 640 994 515 436 259 572 721 761 746 490 849
558 767 480 945 938 716 614 117 99 906 169 316 542
593 285 77 455 706 474 516 383 537 489 411 733 141
