1
2
3
10
20
100000
20000
20
8
300
1 
1 
1 
26600 23040 42560
12040 29440 15680
23880 9360 21080
30720 11200 34280
11240 30720 21840
17760 7720 28800
20080 23400 37920
10880 26360 29560
24720 5120 27920
17320 31000 36040
274 734 638 980 255 567 866 404 667 844 607 702 768
427 275 512 507 462 561 661 422 305 362 262 526 397
89 528 803 771 533 234 517 614 395 707 632 354 782
560 390 1044 512 923 371 150 937 237 597 771 154 859
257 342 694 590 521 346 500 548 241 514 474 346 612
329 475 467 712 274 559 758 292 459 559 337 603 498
185 451 634 701 402 391 613 456 373 595 467 452 622
191 699 691 948 328 482 788 464 614 828 625 626 787
409 191 699 437 613 436 477 600 122 378 433 353 543
391 212 655 461 567 451 518 553 169 380 396 387 514
380 462 421 692 275 602 784 263 467 527 286 632 447
375 228 655 477 557 440 518 547 177 394 400 384 522
413 592 385 818 145 674 892 172 592 644 352 735 508
639 645 153 826 265 881 1053 99 707 618 259 906 368
653 120 842 211 846 599 469 802 181 285 545 427 590
137 470 697 718 451 330 569 516 367 629 526 406 679
594 134 589 320 641 658 655 569 277 172 292 557 352
175 604 631 852 308 461 738 415 529 730 537 574 698
739 148 825 108 880 704 570 815 280 210 527 535 541
762 520 243 634 518 940 1022 366 644 413 119 901 100
