1
2
3
10
20
100000
20000
20
8
300
1 
1 
1 
16160 22280 7880
20480 8960 17560
36880 27400 13040
14760 15080 14440
17560 42120 27360
22200 14600 6440
29200 15800 7960
12200 39160 27200
22560 10800 24280
6960 29200 28520
814 188 657 531 228 640 369 1036 332 351 967 300 739
142 1009 457 369 653 847 488 204 581 733 127 752 421
21 971 524 385 586 896 429 318 573 740 190 662 290
481 567 593 390 152 792 136 761 360 518 658 193 359
155 962 647 473 552 992 420 470 618 794 325 586 130
708 632 882 682 336 1035 425 1016 615 742 893 177 483
868 493 393 460 575 138 564 933 325 167 941 733 955
429 564 364 167 235 594 93 633 181 358 568 384 455
320 669 381 174 309 670 143 543 283 459 465 429 369
920 260 556 536 466 368 525 1056 327 180 1032 595 936
911 468 445 504 589 161 592 984 354 184 989 742 989
740 491 820 632 245 927 378 1031 524 630 922 81 557
288 746 292 118 421 635 258 442 317 475 391 551 431
213 1141 560 497 782 955 617 116 712 860 35 872 488
855 221 748 608 254 741 415 1097 422 453 1018 261 746
286 849 261 184 544 646 382 341 405 541 326 676 500
266 1081 447 418 752 841 586 107 639 772 155 863 548
363 1045 354 381 755 742 593 197 597 709 279 884 635
221 869 626 435 455 945 335 541 549 727 405 484 97
764 335 730 566 174 785 339 1024 413 488 934 142 634
