1
2
3
10
20
100000
20000
20
8
300
1 
1 
1 
28360 22000 14040
23880 16880 6800
10840 16880 36880
25960 20560 19040
16400 19520 36880
27600 20920 4480
15320 9440 16520
2920 9720 29720
17440 13760 22400
20000 19600 31920
105 361 448 438 306 518 420 542 434 147 359 295 489
607 796 491 827 783 76 715 165 938 522 294 469 378
348 310 780 449 261 958 571 980 23 481 760 637 874
55 279 534 388 205 657 423 680 293 212 479 380 601
423 106 886 741 531 802 798 922 379 570 553 731 921
499 686 454 741 682 129 643 222 828 426 210 400 368
301 457 617 234 105 913 371 882 233 371 762 494 732
192 260 643 383 171 805 471 824 147 333 616 495 728
436 766 130 324 436 659 165 503 701 289 665 160 274
56 281 522 418 247 613 438 644 334 201 432 366 578
227 466 503 170 41 813 273 769 306 262 681 378 616
269 484 406 551 460 353 488 392 599 224 234 282 397
530 575 683 860 737 272 803 482 796 536 81 587 623
261 313 593 620 464 468 606 574 505 329 240 452 597
246 117 702 590 392 667 628 758 335 388 434 547 739
562 851 209 634 671 388 489 176 895 418 510 276 69
403 460 617 742 609 333 699 493 668 424 83 500 582
369 257 825 519 321 958 632 999 57 515 747 677 910
115 317 548 320 118 738 386 740 238 239 570 399 633
214 408 558 235 30 826 341 802 238 289 675 425 664
