1
2
3
10
20
100000
20000
20
8
300
1 
1 
1 
40080 29360 22480
19720 18720 2160
34040 33720 18880
4840 30120 19360
12320 34840 20240
25720 680 18640
10920 19520 6640
19400 37440 20200
32160 10920 18360
30880 41560 23440
832 683 641 886 405 824 362 516 399 232 644 593 860
201 694 31 658 391 346 560 427 867 442 258 811 189
364 359 462 201 399 157 889 831 764 610 711 561 536
571 343 461 514 95 494 569 607 387 242 609 355 666
512 232 582 87 421 309 948 919 688 642 824 449 681
212 768 101 720 467 391 581 428 940 502 233 888 133
658 62 640 315 332 495 850 876 436 524 842 198 801
354 897 218 866 562 541 530 346 1014 540 134 997 217
609 872 385 953 484 719 169 66 807 323 229 892 545
228 549 130 533 265 269 576 489 745 374 367 669 308
984 480 872 755 510 877 793 914 41 532 980 279 1081
893 411 783 680 420 788 739 846 72 459 901 231 991
597 432 735 158 649 392 1162 1110 909 868 986 646 772
759 523 599 736 289 716 473 585 287 211 665 435 819
985 456 881 732 516 870 824 940 77 555 999 248 1088
196 873 297 755 638 402 789 621 1118 708 411 1026 80
424 316 369 389 124 324 646 632 540 343 574 427 545
719 365 601 595 240 634 606 686 239 297 723 284 811
274 952 362 830 713 478 827 649 1192 771 436 1105 142
583 135 555 319 253 432 780 797 451 456 757 259 721
