1
2
3
10
20
100000
20000
20
8
300
1 
1 
1 
28120 35720 23560
23560 36800 14160
24040 35240 16080
19880 22760 21080
32240 41440 25760
25800 38280 16400
29880 26880 33480
16800 7560 25120
21000 16280 26800
4880 8520 14240
394 645 800 672 1177 892 381 853 1058 53 508 287 712
635 371 151 237 469 143 380 292 306 699 731 652 577
226 597 689 498 1065 745 284 675 919 148 586 361 717
778 70 234 530 522 445 368 635 518 662 462 488 237
463 275 360 347 737 470 59 516 625 388 464 333 445
781 81 361 606 647 566 358 733 649 603 333 392 131
716 84 200 465 531 401 313 575 495 620 475 469 287
1095 536 351 693 80 407 764 669 287 1089 917 949 638
869 280 561 778 826 766 465 919 847 610 183 352 123
690 236 72 355 449 250 347 436 360 676 617 575 437
715 398 662 755 990 837 386 923 958 398 92 136 351
265 686 795 603 1172 855 384 778 1029 129 618 390 786
329 422 427 248 797 467 146 430 641 380 599 428 600
521 391 245 148 584 235 303 270 411 605 704 592 599
181 633 709 492 1083 752 316 666 929 187 634 408 759
566 171 310 409 677 462 149 560 597 456 414 336 347
674 330 588 684 922 761 320 850 883 386 134 125 312
483 640 465 114 722 334 483 110 495 710 926 777 848
933 333 189 571 260 342 573 599 320 894 720 746 454
893 362 144 509 240 262 558 523 244 885 758 761 510
