1
2
3
10
20
100000
20000
20
8
300
1 
1 
1 
32320 19040 16680
11600 31400 14240
25400 42160 29280
19160 36600 22200
1480 39120 20800
14120 49360 31800
22800 24560 12960
7640 47480 29120
12960 38680 22080
22600 17480 2760
881 859 723 919 599 506 436 350 44 673 237 287 818
426 1000 327 723 168 909 721 424 798 586 627 644 270
272 760 505 508 232 690 505 384 680 347 594 463 165
727 1163 90 976 238 961 789 307 676 779 422 652 579
514 559 697 528 448 353 169 350 400 280 468 122 494
15 699 754 330 505 779 620 666 914 338 871 652 164
768 1023 369 933 329 753 605 125 402 699 145 445 652
765 884 547 863 427 580 454 172 221 616 124 286 681
658 868 452 791 301 610 454 58 337 551 198 298 562
125 619 866 227 609 754 615 745 952 313 942 676 281
453 693 539 570 283 519 334 239 456 336 416 247 387
699 729 653 743 471 424 297 259 200 495 281 130 644
225 917 707 536 517 981 811 739 1049 547 952 813 206
285 551 688 357 409 507 332 452 624 143 630 353 293
483 980 267 747 53 845 660 309 690 575 509 562 334
130 631 688 328 418 653 485 540 769 229 739 507 165
98 772 654 424 415 806 635 601 883 381 811 639 64
543 829 419 703 206 621 445 109 437 474 314 317 443
562 272 970 394 704 223 168 638 593 236 738 331 620
747 77 1241 473 971 335 414 908 807 451 992 582 841
