1
2
3
10
20
100000
20000
20
8
300
1 
1 
1 
35360 20240 33360
8720 27400 11480
16560 17520 15320
20040 9280 15280
15160 11640 11240
37120 28560 36360
26680 19360 25400
32760 29160 32680
46560 27360 44160
7480 25040 5040
446 182 440 600 221 133 391 201 657 387 567 881 376
149 600 50 503 440 346 779 594 379 296 223 763 793
624 893 427 200 836 579 867 749 103 325 261 314 1080
64 562 261 704 343 415 834 641 590 477 432 972 736
626 108 624 717 326 297 268 146 815 536 742 980 230
664 298 599 565 461 271 164 56 710 436 673 809 415
620 75 629 743 304 310 301 181 833 555 753 1009 204
794 459 698 546 625 400 157 220 737 489 735 745 547
845 1054 646 284 1029 750 956 875 324 502 483 134 1231
200 753 190 603 567 514 948 762 418 437 265 831 943
402 202 408 607 185 133 439 248 646 383 546 890 398
545 639 365 134 632 339 588 472 275 121 309 419 818
351 597 165 296 517 286 667 506 246 95 165 569 792
665 663 493 159 701 396 533 459 381 240 439 386 825
699 887 500 124 863 582 810 715 211 335 355 213 1066
648 162 629 687 369 295 217 100 800 519 736 944 269
458 119 495 702 145 230 439 266 744 482 641 984 310
176 408 292 672 198 295 691 499 614 431 470 955 585
198 747 180 593 563 505 939 753 409 426 255 821 937
583 27 623 796 233 335 398 270 860 589 764 1071 182
