1
2
3
10
20
100000
20000
20
8
300
1 
1 
1 
18160 9880 18080
14440 26800 3760
14760 24760 23880
14440 40560 14640
23240 33560 33480
9520 37320 14640
13840 34520 24720
13480 18000 19680
13960 41720 21160
15360 35800 8520
242 299 549 346 157 512 440 762 400 572 390 551 319
207 118 362 369 371 309 449 546 330 355 249 431 445
736 582 445 826 994 377 889 139 722 313 562 646 1010
476 436 217 918 791 611 458 623 344 349 717 178 671
771 612 602 647 946 285 981 181 819 449 416 803 1035
659 513 587 445 781 193 891 310 742 451 236 767 903
379 536 716 704 249 842 334 1063 443 807 753 601 111
246 401 518 736 360 735 96 919 231 634 698 373 142
615 460 341 723 871 276 776 126 608 198 460 547 889
77 189 319 610 378 523 188 700 82 419 512 242 286
117 275 427 622 307 607 148 800 160 525 568 327 178
267 187 86 669 580 407 371 511 205 209 480 166 519
294 455 609 711 289 779 210 983 328 712 715 481 48
438 308 114 714 733 336 561 346 396 66 475 318 703
364 257 19 708 671 381 467 435 304 134 491 225 620
182 343 512 626 253 667 182 872 244 605 608 408 94
222 263 248 736 524 564 204 688 69 386 598 98 396
272 433 586 701 288 758 190 961 305 689 698 459 51
157 318 483 620 266 644 170 846 217 578 591 382 122
618 531 719 156 599 383 860 610 753 632 220 843 788
