1
2
3
10
20
100000
20000
20
8
300
1 
1 
1 
15240 11560 25800
7080 22080 23360
18320 5360 15520
12400 19040 4120
5480 14560 19240
11600 6360 15840
16240 26520 32480
25200 11520 31000
13200 28520 15400
24080 13600 14440
525 697 393 169 429 236 463 245 111 528 291 651 447
55 325 384 525 261 541 268 281 401 501 766 186 645
345 144 521 868 602 768 374 631 691 832 1083 173 780
289 543 390 269 190 404 368 29 218 370 521 441 577
697 911 615 147 529 419 684 386 334 527 142 843 626
524 632 287 296 490 115 386 304 82 629 366 622 322
480 683 415 127 361 297 462 183 134 457 326 618 504
593 926 957 668 408 985 881 575 796 264 933 734 1165
264 380 205 420 344 333 170 228 218 561 610 344 444
676 559 239 692 779 302 370 625 440 975 711 671 123
371 281 106 594 528 365 56 425 350 755 737 357 370
218 435 646 731 365 813 510 494 663 542 998 240 913
270 344 176 461 379 340 126 272 247 601 643 328 429
425 699 516 150 231 455 518 126 272 291 431 588 655
634 935 756 249 389 652 764 369 491 256 452 805 862
475 621 312 238 419 189 384 232 31 554 364 588 391
278 617 652 507 134 723 565 321 540 248 788 432 881
712 573 280 744 825 353 401 674 492 1025 760 697 163
245 355 209 443 345 355 153 243 244 568 636 319 457
331 667 707 533 177 771 621 364 586 229 814 479 933
