1
2
3
10
20
100000
20000
20
8
300
1 
1 
1 
19400 21400 17640
31040 20400 31960
37360 27320 38000
26960 15120 28400
19040 7400 21840
42120 29280 44040
11880 6440 14960
35760 22720 38040
14720 22720 11840
24520 17560 24640
397 324 359 173 515 636 482 540 891 484 801 298 285
386 364 904 636 202 86 358 736 533 842 608 867 305
485 227 788 633 18 172 157 542 401 671 420 829 271
880 516 967 973 411 489 355 530 125 726 95 1122 636
743 491 105 489 701 865 591 384 964 214 801 418 558
830 553 1074 991 379 380 404 687 89 871 292 1175 631
578 295 844 722 112 201 173 544 306 694 343 911 362
411 314 347 192 509 635 471 521 881 464 787 306 286
645 389 936 811 196 213 261 612 241 774 337 1004 449
880 444 697 848 493 650 345 212 462 412 249 929 602
970 533 716 915 593 750 443 227 535 411 315 976 692
380 58 558 407 229 372 211 451 611 510 552 586 103
974 538 735 927 589 744 442 246 517 432 297 992 696
1014 582 666 922 673 838 518 209 647 352 427 954 739
282 154 599 359 255 357 290 547 666 592 632 567 7
126 383 633 217 473 518 527 739 892 733 869 463 236
547 196 378 431 403 569 299 289 694 299 567 518 299
131 560 879 437 562 525 668 951 962 969 993 676 402
141 396 819 449 366 335 483 799 765 848 799 694 250
314 153 521 309 313 431 311 508 708 531 651 499 85
