1
2
3
10
20
100000
20000
20
8
300
1 
1 
1 
35560 14960 25840
17200 9040 34600
40640 20200 10440
30280 11600 13960
47120 26680 11080
37160 19160 33600
26440 5400 24640
23680 18840 22960
33360 18360 37200
32520 22720 15520
398 190 685 265 218 561 430 709 295 143 678 252 760
408 849 632 705 672 493 295 611 878 540 184 907 93
362 855 529 766 650 601 373 727 925 572 65 935 164
307 400 647 282 320 397 221 557 421 71 509 438 558
413 521 758 274 470 247 138 408 457 194 526 518 510
375 899 446 860 672 728 487 857 1006 648 83 998 274
446 873 675 710 704 474 297 584 888 557 225 924 74
528 1032 622 934 822 724 529 828 1099 748 201 1112 192
574 454 912 82 516 316 354 432 274 244 739 381 725
498 1011 573 933 794 744 535 856 1093 739 173 1099 224
305 655 103 840 406 939 676 1100 897 606 499 815 720
546 104 805 287 309 658 570 789 206 285 834 102 913
300 643 616 490 498 364 102 516 660 323 304 690 306
353 879 309 906 634 835 577 976 1031 677 206 1001 425
429 281 747 168 316 458 362 601 263 94 668 281 717
280 297 591 321 196 520 339 678 405 96 553 377 644
226 399 563 357 266 465 250 627 477 121 460 469 542
536 673 873 367 629 98 172 260 561 353 562 649 478
184 412 345 587 156 744 505 907 638 360 505 561 679
428 753 727 543 627 305 137 434 728 422 345 780 249
