1
2
3
10
20
100000
20000
20
8
300
1 
1 
1 
8200 19600 17560
14880 28880 5560
17000 35920 19400
14400 9160 22120
24680 42320 18240
15760 17080 12360
20920 1840 25160
7240 13400 15560
3600 19040 6520
13200 24080 22240
962 888 1022 744 628 1027 583 994 267 376 579 553 882
928 928 1033 737 487 946 644 845 181 499 588 492 878
370 483 514 220 360 437 362 614 376 515 184 73 347
713 529 694 470 687 871 221 1023 395 69 310 443 586
584 852 821 579 156 422 754 232 512 852 579 361 662
390 714 645 456 334 206 694 330 613 858 517 354 502
540 205 403 341 839 782 170 1096 674 394 310 536 373
596 871 836 598 174 424 777 208 534 876 602 385 679
220 583 482 359 487 92 636 500 694 848 474 390 360
200 338 326 76 525 372 354 702 560 589 211 265 159
228 613 486 416 565 50 701 532 782 924 547 477 389
15 373 250 231 643 287 512 727 742 768 396 435 153
748 565 730 505 698 901 257 1040 391 44 344 465 623
512 317 473 271 663 706 27 950 482 279 153 367 372
687 1011 944 745 358 452 954 31 725 1068 775 569 802
428 465 531 231 403 524 291 690 330 425 125 103 370
513 330 482 270 649 701 41 938 466 273 144 355 376
544 664 705 409 210 537 482 544 238 541 328 118 537
548 723 739 456 123 492 569 446 311 640 405 179 572
653 759 811 513 199 632 548 563 171 555 413 224 644
