1
2
3
10
20
100000
20000
20
8
300
1 
1 
1 
12880 37320 24840
33080 15480 30320
27000 33720 7960
32240 22360 22320
13680 15640 33120
12080 40080 31160
4080 25640 35240
22520 16920 48360
24000 5360 37480
10240 21680 27640
636 122 231 682 244 360 127 452 818 650 787 442 425
708 817 646 866 822 1042 931 413 853 456 64 441 557
414 350 177 540 480 573 509 61 612 295 436 259 150
302 230 217 332 569 288 469 370 470 413 747 548 216
106 418 339 198 724 461 655 360 294 269 692 601 192
753 347 518 718 560 211 353 756 879 876 1124 804 657
763 613 476 901 491 881 644 345 953 569 302 141 513
227 647 510 374 876 744 864 373 327 111 543 625 312
399 391 219 534 522 605 554 25 594 257 405 274 149
500 576 403 653 643 793 716 166 672 271 224 296 312
191 364 251 307 637 474 591 253 391 227 601 492 83
527 354 470 458 692 95 513 671 619 707 1051 807 524
304 251 260 311 600 261 488 414 458 441 790 593 256
694 305 262 784 159 576 276 367 892 619 616 240 433
763 505 399 884 336 780 499 355 961 612 446 98 496
592 749 576 750 803 956 888 337 734 339 145 435 462
600 360 231 715 326 629 422 217 799 479 457 112 331
681 852 680 838 890 1061 986 441 809 427 156 514 565
186 517 492 60 860 448 753 552 221 435 880 786 381
686 210 382 683 414 223 212 621 838 770 980 650 544
