1
2
3
10
20
100000
20000
20
8
300
1 
1 
1 
11440 36800 42240
19520 18920 12040
23960 24960 10440
8520 34320 37080
22760 30840 17760
12040 16160 30200
20800 5240 23560
30760 7720 17600
9480 27760 38960
15360 36520 32000
124 497 560 796 149 301 690 449 432 294 320 667 655
483 862 735 1137 513 612 1051 794 659 389 88 944 1040
356 65 530 368 395 471 235 412 412 565 763 401 252
156 400 611 713 42 187 588 293 471 423 483 645 506
300 676 578 950 362 492 864 658 486 234 108 765 865
500 324 792 546 435 408 397 251 665 762 886 662 146
501 121 568 228 550 618 82 533 478 680 904 362 236
569 188 603 178 619 682 31 588 524 740 970 371 254
332 51 483 364 392 483 243 441 366 527 736 365 297
458 839 749 1123 469 558 1030 743 663 402 108 943 1004
478 216 701 425 458 473 275 349 584 719 882 547 90
263 594 422 840 395 552 772 690 341 76 230 628 822
444 533 878 824 284 142 677 73 738 711 717 850 470
192 215 509 527 228 337 405 346 370 438 599 479 378
751 369 737 179 796 846 181 731 679 912 1151 469 347
160 354 306 598 332 495 527 571 170 209 456 414 604
88 391 549 698 88 252 582 359 411 355 439 603 535
390 282 211 390 538 681 375 696 146 412 699 160 566
442 823 764 1114 437 515 1015 702 671 419 145 946 976
372 90 562 378 397 462 238 391 443 590 780 430 222
