1
2
3
10
20
100000
20000
20
8
300
1 
1 
1 
30680 9480 40120
9280 27200 36800
35200 35520 2720
9480 36000 29240
32800 11280 23800
28280 30680 9040
27080 35480 11640
17040 25400 21440
2880 37960 40080
29040 41280 14680
585 202 409 890 620 316 357 620 182 100 269 640 195
404 366 280 779 628 254 469 453 75 181 244 721 326
428 416 510 544 387 519 391 366 342 409 99 552 539
523 430 622 508 274 623 350 433 443 490 142 459 606
371 533 540 441 410 578 496 271 414 504 216 620 640
746 657 913 411 136 922 499 605 741 781 434 408 885
325 451 394 592 509 421 475 306 258 359 176 667 501
281 933 646 428 780 763 923 178 675 809 629 1029 954
523 553 165 1050 935 55 719 652 237 266 551 998 319
177 615 206 726 758 315 696 301 262 402 415 914 539
193 906 395 775 975 542 975 343 546 683 681 1169 812
525 301 534 642 371 509 278 481 327 352 24 477 464
917 527 978 707 170 940 327 813 763 747 463 113 808
793 157 717 863 417 638 45 759 484 419 300 334 447
118 738 451 506 689 557 754 58 462 596 453 905 742
241 975 468 779 1018 615 1038 368 619 757 740 1222 886
630 129 524 825 493 449 222 627 291 239 195 501 308
838 316 825 787 285 766 114 771 598 558 340 182 603
824 547 922 585 49 902 362 708 720 727 408 231 808
188 866 339 797 963 486 944 355 499 635 654 1147 760
