1
2
3
10
20
100000
20000
20
8
300
1 
1 
1 
14880 30640 34720
20760 8760 6320
26480 21080 19400
9000 7600 11840
8360 13280 18200
16560 30360 33760
13120 17840 19920
12720 27800 32640
1040 15240 19760
12920 19320 24120
778 184 98 278 611 723 323 283 346 364 244 126 355
322 365 507 719 145 421 163 372 690 348 696 361 537
1002 332 462 216 755 697 572 639 48 361 511 446 726
512 179 315 521 332 506 61 251 512 252 503 163 415
261 454 612 811 53 376 268 472 769 404 800 464 633
750 342 608 567 467 305 459 654 436 168 753 488 805
729 479 264 594 695 930 413 180 697 643 330 326 16
905 336 125 257 759 877 462 352 390 513 95 264 350
231 485 637 842 63 390 293 490 800 436 826 491 649
773 313 577 520 492 352 454 638 387 153 715 464 783
553 458 709 772 275 85 435 667 667 297 884 561 834
785 448 715 663 500 264 545 751 522 270 860 592 906
821 388 123 421 725 902 420 238 539 568 157 256 188
289 525 535 834 362 679 289 315 854 580 702 437 426
646 618 874 910 399 83 602 834 789 446 1046 727 1002
549 139 343 495 333 454 131 320 463 175 526 192 480
920 358 139 267 778 899 480 361 405 535 73 282 349
1102 479 648 392 833 697 707 809 230 439 699 614 909
473 217 400 573 257 419 104 332 539 216 587 246 499
335 350 484 702 171 441 140 346 677 346 672 338 511
